2dContour 3 0.16
31
-0.00404 0.18293 
0.16677 0.26412 
0.39720 0.44558 
0.65450 0.62195 
0.92144 0.69933 
1.14167 0.64482 
1.30770 0.48943 
1.41203 0.26416 
1.44718 0 
1.39191 -0.29522 
1.25089 -0.49346 
1.05396 -0.59532 
0.83098 -0.60137 
0.61181 -0.5122 
0.27885 -0.26545 
0.00816 -0.12805 
-0.17703 -0.20754 
-0.42455 -0.37918 
-0.65038 -0.54268 
-0.84540 -0.63125 
-1.05740 -0.64565 
-1.25360 -0.56393 
-1.40121 -0.36415 
-1.46745 -0.02439 
-1.42439 0.28333 
-1.29071 0.51342 
-1.09564 0.65 
-0.86839 0.67724 
-0.63819 0.57927 
-0.40555 0.40483 
-0.17769 0.2512 
10
-0.97355 0.42073 
-1.14466 0.28355 
-1.22355 -0.01829 
-1.13552 -0.28811 
-0.95526 -0.41463 
-0.72338 -0.32449 
-0.42036 -0.14086 
-0.26623 0.01829 
-0.42048 0.15425 
-0.73462 0.33356 
10
0.93498 0.43293 
0.71118 0.3435 
0.42302 0.15583 
0.28255 0 
0.43295 -0.14341 
0.73106 -0.30917 
0.95938 -0.39024 
1.13430 -0.26639 
1.21547 0.03659 
1.11927 0.30982 
