2dContour 3 0.054
63
-0.00404 0.18293 
0.07187 0.2044 
0.16677 0.26412 
0.27658 0.3489 
0.39720 0.44558 
0.52454 0.54099 
0.65450 0.62195 
0.79334 0.67907 
0.92144 0.69933 
1.03786 0.68663 
1.14167 0.64482 
1.23193 0.5778 
1.30770 0.48943 
1.36804 0.38359 
1.41203 0.26416 
1.43872 0.135 
1.44718 0 
1.43213 -0.15977 
1.39191 -0.29522 
1.33025 -0.40643 
1.25089 -0.49346 
1.15755 -0.5564 
1.05396 -0.59532 
0.94386 -0.61028 
0.83098 -0.60137 
0.71906 -0.56865 
0.61181 -0.5122 
0.47733 -0.41626 
0.34355 -0.31399 
0.21664 -0.22128 
0.10279 -0.154 
0.00816 -0.12805 
-0.07140 -0.15001 
-0.17703 -0.20754 
-0.29825 -0.28811 
-0.42455 -0.37918 
-0.54542 -0.46821 
-0.65038 -0.54268 
-0.74372 -0.59487 
-0.84540 -0.63125 
-0.95133 -0.64909 
-1.05740 -0.64565 
-1.15952 -0.61817 
-1.25360 -0.56393 
-1.33553 -0.48017 
-1.40121 -0.36415 
-1.44655 -0.21314 
-1.46745 -0.02439 
-1.45907 0.13819 
-1.42439 0.28333 
-1.36705 0.40907 
-1.29071 0.51342 
-1.19902 0.59439 
-1.09564 0.65 
-0.98421 0.67828 
-0.86839 0.67724 
-0.75183 0.64489 
-0.63819 0.57927 
-0.52436 0.49348 
-0.40555 0.40483 
-0.28793 0.32138 
-0.17769 0.2512 
-0.08100 0.20236 
20
-0.97355 0.42073 
-1.06449 0.38186 
-1.14466 0.28355 
-1.20178 0.14407 
-1.22355 -0.01829 
-1.19892 -0.15968 
-1.13552 -0.28811 
-1.04906 -0.38072 
-0.95526 -0.41463 
-0.86196 -0.38862 
-0.72338 -0.32449 
-0.56701 -0.23699 
-0.42036 -0.14086 
-0.31093 -0.05085 
-0.26623 0.01829 
-0.30868 0.07238 
-0.42048 0.15425 
-0.57226 0.24695 
-0.73462 0.33356 
-0.87818 0.39713 
20
0.93498 0.43293 
0.84438 0.40862 
0.71118 0.3435 
0.56189 0.25381 
0.42302 0.15583 
0.32106 0.0658 
0.28255 0 
0.32569 -0.06222 
0.43295 -0.14341 
0.57713 -0.23018 
0.73106 -0.30917 
0.86753 -0.36698 
0.95938 -0.39024 
1.05098 -0.35799 
1.13430 -0.26639 
1.19418 -0.13 
1.21547 0.03659 
1.18717 0.18382 
1.11927 0.30982 
1.02934 0.39829 
