2dContour 1 0.08780
33
-0.90648 0.55488 
-0.83256 0.39719 
-0.69352 0.24119 
-0.50976 0.09909 
-0.30169 -0.01694 
-0.08973 -0.09468 
0.10572 -0.12195 
0.26980 -0.09905 
0.44638 -0.03883 
0.62580 0.05127 
0.79842 0.16376 
0.95458 0.29119 
1.08462 0.42608 
1.17889 0.56098 
1.48377 0.55488 
1.39528 0.39111 
1.28361 0.23506 
1.15176 0.08966 
1.00275 -0.0422 
0.83959 -0.15759 
0.66529 -0.25361 
0.48287 -0.32735 
0.29534 -0.3759 
0.10572 -0.39634 
-0.08657 -0.38339 
-0.28021 -0.33672 
-0.46949 -0.26084 
-0.64867 -0.16027 
-0.81205 -0.03952 
-0.95390 0.09688 
-1.06850 0.24443 
-1.15013 0.3986 
-1.19306 0.55488 
