2dContour 2 0.1
24
-0.11380 0.9878 
0.11174 0.95835 
0.31527 0.86944 
0.48832 0.73268 
0.62242 0.55965 
0.70909 0.36197 
0.73986 0.15122 
0.70599 -0.06366 
0.61209 -0.26119 
0.46974 -0.43254 
0.29054 -0.56887 
0.08607 -0.66138 
-0.13209 -0.70122 
-0.34863 -0.67692 
-0.54915 -0.59056 
-0.72337 -0.45365 
-0.86106 -0.27773 
-0.95193 -0.07429 
-0.98575 0.14512 
-0.95447 0.37635 
-0.86357 0.57859 
-0.72355 0.74634 
-0.54492 0.87412 
-0.33816 0.95644 
16
-0.13209 0.73171 
0.10001 0.67283 
0.29018 0.52439 
0.42013 0.3287 
0.47157 0.12805 
0.42359 -0.06875 
0.28572 -0.25705 
0.08529 -0.39763 
-0.15038 -0.45122 
-0.37706 -0.39422 
-0.55160 -0.25399 
-0.66578 -0.06756 
-0.71136 0.12805 
-0.67287 0.33556 
-0.55130 0.53049 
-0.36494 0.67511
