2dContour 1 0.05
71
-1.1832318 -0.4603659 
-1.1451804 -0.4213764 
-1.0548104 -0.3468251 
-0.9526319 -0.2326612 
-0.8905489 -0.1128049 
-0.8757519 -0.0518023 
-0.8838872 0.0317658 
-0.8960160 0.1368129 
-0.8931997 0.2622523 
-0.8564997 0.4069974 
-0.7669773 0.5699615 
-0.7442074 0.6006098 
-0.6765129 0.6868689 
-0.5933239 0.7609097 
-0.4967140 0.8230359 
-0.3887568 0.8735511 
-0.2715261 0.9127589 
-0.1470954 0.9409631 
-0.0175384 0.9584673 
0.1150713 0.9655753 
0.2486600 0.9625906 
0.3811541 0.9498169 
0.5104799 0.927558 
0.6345637 0.8961174 
0.7513320 0.8557989 
0.8587111 0.8069061 
0.9546273 0.7497427 
1.0370069 0.6846124 
1.0484753 0.6737805 
1.1510823 0.5430364 
1.2198830 0.4122744 
1.2601321 0.282429 
1.2770838 0.1544349 
1.2759925 0.0292269 
1.2621127 -0.0922605 
1.2406988 -0.2090925 
1.2170051 -0.3203344 
1.1962861 -0.4250516 
1.1837961 -0.5223095 
1.1847897 -0.6111732 
1.1887192 -0.6371951 
1.1366086 -0.6644274 
0.9967060 -0.6815235 
0.8226185 -0.6893343 
0.6679534 -0.6887107 
0.5863179 -0.6805036 
0.5850609 -0.679878 
0.5792585 -0.5659917 
0.5850609 -0.5396341 
0.4819771 -0.5970307 
0.3557555 -0.6240263 
0.2202805 -0.6258044 
0.0894365 -0.6075487 
-0.0228922 -0.5744425 
-0.0917684 -0.5396341 
-0.1052004 -0.6682399 
-0.1161586 -0.6981707 
-0.1930734 -0.7155554 
-0.3426181 -0.7263343 
-0.5096550 -0.7272642 
-0.6390465 -0.7151016 
-0.6771343 -0.6981707 
-0.6851738 -0.6071706 
-0.6780406 -0.4634975 
-0.6771343 -0.3445122 
-0.7804592 -0.4492148 
-0.9054611 -0.5422301 
-1.0152496 -0.6051129 
-1.0729346 -0.619418 
-1.0734757 -0.6189024 
-1.1562115 -0.5207117 
