2dContour 1 0.07
65
-1.26418 -0.82317 
-1.24580 -0.69537 
-1.20757 -0.53609 
-1.15294 -0.35589 
-1.08534 -0.16533 
-1.00820 0.02501 
-0.92495 0.20456 
-0.83902 0.36277 
-0.75386 0.48907 
-0.67289 0.57289 
-0.59954 0.60366 
-0.46068 0.56159 
-0.33163 0.44817 
-0.21382 0.28711 
-0.10869 0.10213 
-0.01765 -0.08303 
0.05785 -0.24466 
0.11640 -0.35904 
0.15655 -0.40244 
0.20332 -0.34742 
0.27364 -0.20544 
0.36197 -0.0111 
0.46277 0.20098 
0.57050 0.39619 
0.67962 0.53992 
0.78460 0.59756 
0.87053 0.56973 
0.96470 0.48859 
1.06316 0.36495 
1.16197 0.20966 
1.25716 0.03354 
1.34480 -0.15259 
1.42092 -0.33788 
1.48158 -0.51151 
1.52282 -0.66266 
1.54070 -0.78049 
1.27241 -0.79268 
1.24500 -0.6451 
1.19447 -0.46366 
1.12660 -0.26929 
1.04714 -0.08288 
0.96184 0.07466 
0.87648 0.18243 
0.79680 0.21951 
0.72413 0.16635 
0.64319 0.03707 
0.55518 -0.13729 
0.46131 -0.32569 
0.36278 -0.49707 
0.26079 -0.6204 
0.15655 -0.66463 
0.04790 -0.61084 
-0.06546 -0.4813 
-0.17954 -0.30678 
-0.29033 -0.11806 
-0.39383 0.0541 
-0.48604 0.17891 
-0.56296 0.22561 
-0.63203 0.17498 
-0.70170 0.0463 
-0.76946 -0.13343 
-0.83281 -0.33724 
-0.88927 -0.53812 
-0.93633 -0.70909 
-0.97149 -0.82317 
