2dContour 2 0.01463
85
-0.25404 0.34878 
-0.25540 0.33274 
-0.25684 0.31501 
-0.25835 0.29565 
-0.25992 0.27474 
-0.26153 0.25235 
-0.26319 0.22856 
-0.26487 0.20343 
-0.26657 0.17705 
-0.26828 0.14948 
-0.26999 0.12081 
-0.27169 0.0911 
-0.27336 0.06043 
-0.27500 0.02886 
-0.27660 -0.00351 
-0.27815 -0.03663 
-0.27963 -0.07042 
-0.28104 -0.1048 
-0.28237 -0.1397 
-0.28361 -0.17504 
-0.28474 -0.21076 
-0.28576 -0.24678 
-0.28666 -0.28302 
-0.28742 -0.31942 
-0.28804 -0.35589 
-0.28850 -0.39237 
-0.28881 -0.42878 
-0.28893 -0.46505 
-0.28888 -0.5011 
-0.28863 -0.53686 
-0.28817 -0.57226 
-0.28751 -0.60722 
-0.28661 -0.64166 
-0.28549 -0.67553 
-0.28411 -0.70873 
-0.28249 -0.7412 
-0.28060 -0.77287 
-0.27843 -0.80366 
-0.25150 -0.81992 
-0.22355 -0.82873 
-0.19459 -0.8311 
-0.16461 -0.82805 
-0.13361 -0.8206 
-0.10160 -0.80976 
-0.09983 -0.77341 
-0.09835 -0.73691 
-0.09716 -0.7003 
-0.09624 -0.66362 
-0.09558 -0.62692 
-0.09518 -0.59022 
-0.09501 -0.55356 
-0.09506 -0.51699 
-0.09534 -0.48055 
-0.09581 -0.44427 
-0.09648 -0.40818 
-0.09733 -0.37234 
-0.09834 -0.33678 
-0.09952 -0.30153 
-0.10083 -0.26664 
-0.10228 -0.23214 
-0.10386 -0.19808 
-0.10554 -0.16448 
-0.10732 -0.1314 
-0.10918 -0.09887 
-0.11113 -0.06692 
-0.11313 -0.0356 
-0.11519 -0.00495 
-0.11728 0.025 
-0.11941 0.05421 
-0.12155 0.08264 
-0.12369 0.11025 
-0.12583 0.137 
-0.12795 0.16285 
-0.13004 0.18777 
-0.13209 0.21171 
-0.13409 0.23464 
-0.13602 0.25652 
-0.13787 0.27731 
-0.13964 0.29696 
-0.14130 0.31546 
-0.14285 0.33274 
-0.14428 0.34878 
-0.16944 0.38022 
-0.19611 0.39299 
-0.22431 0.38365 
17
-0.24794 0.5378 
-0.25933 0.51364 
-0.26868 0.47653 
-0.27356 0.43565 
-0.27153 0.40017 
-0.26014 0.37927 
-0.22622 0.40995 
-0.19611 0.4189 
-0.16753 0.40957 
-0.13819 0.38537 
-0.13040 0.40785 
-0.12922 0.44137 
-0.13315 0.47888 
-0.14070 0.51337 
-0.15038 0.5378 
-0.17680 0.55226 
-0.21678 0.55316 
