2dContour 1 0.1
34
0.0298339 -0.0679758 
0.0298339 -0.0679758 
0.0074879 0.0887197 
-0.0006926 0.2407347 
-0.0003776 0.2567976 
0.1181081 0.241307 
0.2743634 0.2347007 
0.4486440 0.2369787 
0.6212055 0.2481409 
0.7723036 0.2681875 
0.8530968 0.2870091 
0.7723043 0.3372236 
0.5956559 0.3542611 
0.4149466 0.3552564 
0.3697131 0.3549849 
0.2330985 0.3352501 
0.0643879 0.313289 
-0.0381419 0.2945619 
-0.1388354 0.3212739 
-0.3101373 0.3651015 
-0.4814316 0.3789674 
-0.4913141 0.3776435 
-0.6837058 0.3452519 
-0.8638527 0.3129395 
-0.8733175 0.2733939 
-0.8689577 0.2719033 
-0.7570849 0.2570166 
-0.5951360 0.2576614 
-0.4114312 0.265092 
-0.2342906 0.2705623 
-0.0920346 0.2653264 
-0.0456948 0.2567976 
-0.0447244 0.1268017 
-0.0558790 -0.0448799 
