2dContour 2 0.01463
91
-0.27843 0.51951 
-0.30398 0.52687 
-0.33080 0.53426 
-0.35879 0.54166 
-0.38784 0.54902 
-0.41784 0.55629 
-0.44871 0.56344 
-0.48032 0.57041 
-0.51258 0.57716 
-0.54538 0.58366 
-0.57863 0.58985 
-0.61220 0.5957 
-0.64600 0.60116 
-0.67993 0.60619 
-0.71388 0.61075 
-0.74775 0.61478 
-0.78143 0.61825 
-0.81481 0.62112 
-0.84781 0.62334 
-0.88030 0.62487 
-0.91219 0.62566 
-0.94337 0.62567 
-0.97373 0.62486 
-1.00318 0.62319 
-1.03161 0.62061 
-1.05892 0.61707 
-1.09351 0.61153 
-1.13022 0.60502 
-1.16858 0.59764 
-1.20814 0.58946 
-1.24842 0.58058 
-1.28897 0.57109 
-1.32932 0.56106 
-1.36902 0.55059 
-1.40759 0.53976 
-1.44459 0.52866 
-1.47954 0.51738 
-1.51199 0.506 
-1.54147 0.49461 
-1.56753 0.4833 
-1.58969 0.47216 
-1.60750 0.46127 
-1.62050 0.45071 
-1.62822 0.44059 
-1.63021 0.43097 
-1.62599 0.42195 
-1.61716 0.41468 
-1.60389 0.40795 
-1.58652 0.40177 
-1.56540 0.39612 
-1.54086 0.39098 
-1.51326 0.38635 
-1.48292 0.38221 
-1.45021 0.37855 
-1.41545 0.37536 
-1.37899 0.37263 
-1.34118 0.37034 
-1.30236 0.36849 
-1.26286 0.36705 
-1.22304 0.36602 
-1.18323 0.36539 
-1.14379 0.36514 
-1.10504 0.36527 
-1.06734 0.36576 
-1.03102 0.36659 
-0.99643 0.36776 
-0.96392 0.36926 
-0.93382 0.37106 
-0.90648 0.37317 
-0.87601 0.37559 
-0.84421 0.37769 
-0.81130 0.37954 
-0.77750 0.38117 
-0.74304 0.38265 
-0.70812 0.38403 
-0.67298 0.38535 
-0.63784 0.38668 
-0.60292 0.38807 
-0.56845 0.38956 
-0.53463 0.39121 
-0.50170 0.39307 
-0.46987 0.3952 
-0.43938 0.39765 
-0.41043 0.40047 
-0.38326 0.40371 
-0.35808 0.40742 
-0.33512 0.41167 
-0.31459 0.41649 
-0.29672 0.42195 
-0.29108 0.45718 
-0.28679 0.47615 
91
-0.12599 0.51951 
-0.11179 0.52451 
-0.09563 0.52936 
-0.07760 0.53404 
-0.05779 0.53855 
-0.03629 0.54288 
-0.01318 0.54703 
0.01145 0.551 
0.03752 0.55477 
0.06494 0.55834 
0.09362 0.5617 
0.12348 0.56485 
0.15443 0.56779 
0.18638 0.5705 
0.21926 0.57297 
0.25297 0.57522 
0.28742 0.57721 
0.32253 0.57896 
0.35822 0.58046 
0.39440 0.58169 
0.43098 0.58266 
0.46787 0.58335 
0.50500 0.58377 
0.54226 0.58389 
0.57959 0.58373 
0.61688 0.58327 
0.65406 0.5825 
0.69104 0.58143 
0.72773 0.58003 
0.76405 0.57832 
0.79991 0.57628 
0.83522 0.5739 
0.86990 0.57118 
0.90386 0.56812 
0.93702 0.5647 
0.96928 0.56093 
1.00057 0.55679 
1.03079 0.55228 
1.05987 0.54739 
1.08771 0.54212 
1.11423 0.53645 
1.13933 0.5304 
1.16295 0.52394 
1.18498 0.51707 
1.20605 0.50835 
1.21873 0.49919 
1.22361 0.48965 
1.22127 0.4798 
1.21230 0.4697 
1.19727 0.45942 
1.17678 0.44902 
1.15140 0.43856 
1.12173 0.42811 
1.08833 0.41773 
1.05180 0.40749 
1.01272 0.39745 
0.97168 0.38766 
0.92925 0.37821 
0.88601 0.36914 
0.84256 0.36053 
0.79948 0.35243 
0.75734 0.34492 
0.71674 0.33805 
0.67826 0.33189 
0.64247 0.3265 
0.60996 0.32195 
0.58133 0.31829 
0.55297 0.31563 
0.52294 0.31415 
0.49143 0.3138 
0.45867 0.31448 
0.42485 0.3161 
0.39020 0.3186 
0.35491 0.32189 
0.31920 0.32587 
0.28328 0.33049 
0.24736 0.33564 
0.21164 0.34125 
0.17634 0.34723 
0.14167 0.35352 
0.10782 0.36001 
0.07503 0.36663 
0.04349 0.37331 
0.01341 0.37994 
-0.01500 0.38647 
-0.04152 0.39279 
-0.06595 0.39884 
-0.08808 0.40452 
-0.10770 0.40976 
-0.11063 0.44634 
-0.11492 0.46667 
