2dContour 1 0.1
50
-0.0154833 0.5589124 
0.1207850 0.5506982 
0.2617757 0.5223855 
0.4046791 0.4756245 
0.5466856 0.4120651 
0.6849855 0.3333575 
0.8167692 0.2411518 
0.9392271 0.1370982 
1.0495495 0.0228466 
1.1449268 -0.0999527 
1.2225494 -0.2296497 
1.2796076 -0.3645942 
1.3132917 -0.5031363 
1.3213747 -0.5966767 
1.1790214 -0.5949053 
1.0074136 -0.5959668 
0.8468051 -0.5971777 
0.7624623 -0.5966767 
0.7315107 -0.444729 
0.6550599 -0.3102462 
0.5449999 -0.1952309 
0.4132209 -0.1016854 
0.2716128 -0.0316125 
0.1320657 0.0129854 
0.0064696 0.0301057 
-0.0079304 0.0302115 
-0.1199348 0.0154423 
-0.2528238 -0.0219872 
-0.3936146 -0.0827383 
-0.5293245 -0.167472 
-0.6469710 -0.2768496 
-0.7335713 -0.4115321 
-0.7761427 -0.5721808 
-0.7783233 -0.6117825 
-0.9363515 -0.6106011 
-1.1038332 -0.6087751 
-1.2558565 -0.6088815 
-1.3447885 -0.6117825 
-1.3308773 -0.4548612 
-1.2901051 -0.3062183 
-1.2256884 -0.1666362 
-1.1408431 -0.036897 
-1.0387856 0.0822167 
-0.9227318 0.1899228 
-0.7958981 0.2854389 
-0.6615006 0.3679828 
-0.5227553 0.4367721 
-0.3828786 0.4910244 
-0.2450866 0.5299576 
-0.1125953 0.5527892 
