2dContour 1 0.085
58
-1.2320123 -0.4603659 
-1.2244945 -0.3685221 
-1.2024253 -0.2729915 
-1.1665308 -0.1753372 
-1.1175371 -0.0771221 
-1.0561703 0.0200908 
-0.9831566 0.1147384 
-0.8992221 0.2052577 
-0.8050928 0.2900857 
-0.7014950 0.3676594 
-0.5891548 0.4364158 
-0.4687983 0.4947919 
-0.3411516 0.5412245 
-0.2069408 0.5741508 
-0.0668921 0.5920077 
-0.0125001 0.5945122 
0.1233305 0.584419 
0.2537821 0.5570751 
0.3782232 0.5142824 
0.4960225 0.4578429 
0.6065486 0.3895586 
0.7091703 0.3112313 
0.8032561 0.2246632 
0.8881748 0.131656 
0.9632949 0.0340119 
1.0279852 -0.0664672 
1.0816142 -0.1679795 
1.1235507 -0.2687228 
1.1531634 -0.3668953 
1.1698207 -0.4606949 
1.1704265 -0.4664634 
1.0439807 -0.4669649 
0.9175212 -0.467468 
0.8960363 -0.4664634 
0.8823668 -0.3748253 
0.8482952 -0.277953 
0.7957631 -0.1788607 
0.7267127 -0.0805628 
0.6430857 0.0139265 
0.5468242 0.1015928 
0.4398699 0.1794218 
0.3241647 0.2443993 
0.2016507 0.2935109 
0.0742697 0.3237423 
-0.0307928 0.3323171 
-0.1617158 0.3184368 
-0.2878410 0.2833726 
-0.4075946 0.2301207 
-0.5194028 0.1616775 
-0.6216918 0.0810391 
-0.7128879 -0.0087982 
-0.7914173 -0.1048382 
-0.8557061 -0.2040845 
-0.9041806 -0.303541 
-0.9352669 -0.4002114 
-0.9454269 -0.4603659 
-1.0618090 -0.4629351 
-1.2005350 -0.4607124 
