2dContour 2 0.08
30
-0.06296 0.93293 
0.04873 0.9082 
0.17899 0.82854 
0.31968 0.70582 
0.46265 0.55195 
0.59977 0.37881 
0.72290 0.19829 
0.82389 0.02229 
0.89460 -0.13732 
0.92691 -0.26863 
0.91265 -0.35976 
0.84226 -0.41736 
0.71456 -0.4648 
0.54209 -0.50194 
0.33736 -0.5286 
0.11290 -0.54463 
-0.11878 -0.54987 
-0.34515 -0.54415 
-0.55368 -0.52732 
-0.73187 -0.49921 
-0.86718 -0.45967 
-0.94710 -0.40854 
-0.97376 -0.30867 
-0.94431 -0.15821 
-0.86942 0.02642 
-0.75974 0.22882 
-0.62596 0.43258 
-0.47872 0.62127 
-0.32870 0.77851 
-0.18656 0.88786 
20
-0.04466 0.65854 
0.06298 0.60076 
0.21796 0.45104 
0.38784 0.25084 
0.54020 0.04164 
0.64261 -0.13506 
0.66265 -0.2378 
0.58839 -0.27484 
0.43247 -0.30583 
0.22206 -0.32948 
-0.01570 -0.34451 
-0.25365 -0.34963 
-0.46463 -0.34356 
-0.62150 -0.325 
-0.69710 -0.29268 
-0.68879 -0.17728 
-0.59923 0.0109 
-0.45923 0.23021 
-0.29959 0.43902 
-0.15113 0.59567 
