2dContour 1 0.075
62
-1.17477 0.6939 
-1.15424 0.58359 
-1.11928 0.42299 
-1.07196 0.229 
-1.01435 0.0185 
-0.94851 -0.1916 
-0.87652 -0.38442 
-0.80044 -0.54306 
-0.72234 -0.65063 
-0.64428 -0.69024 
-0.54103 -0.6362 
-0.42456 -0.49683 
-0.30254 -0.30626 
-0.18265 -0.09862 
-0.07257 0.09195 
0.02001 0.23132 
0.08742 0.28537 
0.15668 0.2293 
0.23991 0.0847 
0.33351 -0.11302 
0.43390 -0.32844 
0.53748 -0.52616 
0.64067 -0.67076 
0.73986 -0.72683 
0.81032 -0.6849 
0.88651 -0.57115 
0.96480 -0.40366 
1.04158 -0.20048 
1.11324 0.02031 
1.17618 0.24065 
1.22676 0.44247 
1.26139 0.60771 
1.27645 0.71829 
1.05084 0.71829 
1.03464 0.59581 
1.00241 0.41686 
0.95778 0.20812 
0.90435 -0.00374 
0.84578 -0.19208 
0.78567 -0.3302 
0.72767 -0.39146 
0.66374 -0.34732 
0.58559 -0.21106 
0.49642 -0.01873 
0.39943 0.19362 
0.29782 0.38993 
0.19478 0.53416 
0.09352 0.59024 
-0.01064 0.53529 
-0.11984 0.39381 
-0.23044 0.20082 
-0.33878 -0.00863 
-0.44123 -0.19951 
-0.53411 -0.33676 
-0.61380 -0.38537 
-0.68423 -0.32803 
-0.75056 -0.19016 
-0.81091 -0.00069 
-0.86342 0.21141 
-0.90623 0.41718 
-0.93746 0.58767 
-0.95526 0.6939 
