146
-0.060804 -0.062822 0.064701 
-0.176366 -0 0.090723 
0.176366 -0.064151 0.064151 
-0.176366 0.090723 0 
-0.176366 0.064151 0.064151 
-0.090723 -0 0.158668 
-0.060804 0.062822 0.064701 
-0 -0.086964 0.158668 
0.176366 0.064151 -0.064151 
0.060804 0.062822 -0.064701 
0.31483 -0.064151 -0.064151 
0.176366 -0 -0.090723 
0.176366 -0.064151 -0.064151 
0.31483 -0.090723 0 
0.176366 -0.090723 0 
-0.064151 -0.061493 0.291443 
-0.064151 -0.061493 0.158668 
-0 -0.086964 0.291443 
0.064151 -0.061493 0.158668 
0.090723 -0 0.090723 
-0.090723 -0 0.291443 
0.31483 -0 -0.090723 
0.064151 -0.061493 0.291443 
-0.064151 0.061493 0.158668 
-0 0.086964 0.158668 
-0 0.088217 0 
0.176366 -0 0.090723 
0.060804 -0.062822 0.064701 
0.090723 -0 0.158668 
0.425264 -0 -0.090723 
0.425264 -0.064151 -0.064151 
0.425264 -0.090723 0 
-0.090723 -0 0.425264 
-0.064151 -0.061493 0.425264 
0.497582 0 0 
0.497582 -0.07231 0 
-0 0 0.497582 
-0.064151 0.061493 0.291443 
0.31483 -0.064151 0.064151 
0.31483 0.090723 0 
0.31483 0.064151 -0.064151 
0.051131 -0.049013 0.497582 
0.176366 0.090723 0 
-0 0.069315 0.497582 
0.060804 0.062822 0.064701 
0.064151 0.061493 0.158668 
0.425264 0.064151 -0.064151 
0.051131 0.049013 0.497582 
-0 -0.086964 0.425264 
0.064151 -0.061493 0.425264 
0.064151 0.061493 0.291443 
-0 0.086964 0.291443 
0.090723 -0 0.291443 
0.31483 -0 0.090723 
0.176366 0.064151 0.064151 
0.31483 0.064151 0.064151 
0.497582 0 -0.07231 
0.497582 -0.051131 -0.051131 
-0.07231 0 0.497582 
-0.051131 -0.049013 0.497582 
-0 0.086964 0.425264 
-0.064151 0.061493 0.425264 
0.425264 -0.064151 0.064151 
0.425264 -0 0.090723 
0.425264 0.090723 0 
-0.051131 0.049013 0.497582 
0.497582 -0.051131 0.051131 
-0 -0.069315 0.497582 
0.064151 0.061493 0.425264 
0.090723 -0 0.425264 
0.425264 0.064151 0.064151 
0.497582 0 0.07231 
0.497582 0.051131 -0.051131 
0.07231 0 0.497582 
0.497582 0.051131 0.051131 
0.497582 0.07231 0 
0.090723 -0 -0.158668 
0.064151 0.061493 -0.158668 
0.090723 -0 -0.090723 
0.060804 -0.062822 -0.064701 
0.064151 -0.061493 -0.158668 
-0.060804 0.062822 -0.064701 
-0 0.086964 -0.158668 
-0.176366 -0.064151 0.064151 
-0.090723 -0 0.090723 
-0.31483 0.064151 0.064151 
0.064151 0.061493 -0.291443 
-0 0.086964 -0.291443 
-0.064151 0.061493 -0.158668 
0.064151 -0.061493 -0.291443 
0.090723 -0 -0.291443 
-0.31483 0.090723 0 
-0.31483 -0 0.090723 
-0.064151 0.061493 -0.291443 
-0 -0.086964 -0.158668 
-0 -0.088217 0 
-0.176366 -0.090723 0 
-0.176366 0.064151 -0.064151 
-0.090723 -0 -0.090723 
-0.090723 -0 -0.158668 
-0.425264 -0 0.090723 
-0.425264 0.064151 0.064151 
0.064151 0.061493 -0.425264 
-0.497582 0.051131 0.051131 
-0.497582 0 0 
0.051131 0.049013 -0.497582 
-0 0 -0.497582 
-0.31483 0.064151 -0.064151 
-0.31483 -0.090723 0 
-0.31483 -0.064151 0.064151 
-0.176366 -0.064151 -0.064151 
-0.497582 -0.07231 0 
-0.064151 -0.061493 -0.158668 
0.064151 -0.061493 -0.425264 
0.090723 -0 -0.425264 
-0.425264 0.090723 0 
-0.425264 -0.064151 0.064151 
-0.051131 -0.049013 -0.497582 
-0 0.086964 -0.425264 
-0.064151 0.061493 -0.425264 
-0.497582 -0.051131 -0.051131 
-0 -0.086964 -0.291443 
-0.090723 -0 -0.291443 
-0.064151 -0.061493 -0.291443 
-0.176366 -0 -0.090723 
-0.31483 -0 -0.090723 
-0.31483 -0.064151 -0.064151 
-0.060804 -0.062822 -0.064701 
-0.497582 0 0.07231 
-0 0.069315 -0.497582 
-0.425264 0.064151 -0.064151 
-0.425264 -0.090723 0 
0.07231 0 -0.497582 
-0.497582 0.07231 0 
-0.497582 0.051131 -0.051131 
-0.051131 0.049013 -0.497582 
-0.064151 -0.061493 -0.425264 
-0 -0.086964 -0.425264 
-0.090723 -0 -0.425264 
-0.425264 -0 -0.090723 
-0.425264 -0.064151 -0.064151 
-0 -0.069315 -0.497582 
0.051131 -0.049013 -0.497582 
-0.497582 -0.051131 0.051131 
-0.497582 0 -0.07231 
-0.07231 0 -0.497582 

326
50 7 51 24 
82 123 87 121 
6 19 84 0 
9 98 127 81 
25 9 127 81 
10 11 14 13 
25 3 81 6 
86 114 89 113 
91 3 85 1 
6 19 0 44 
19 6 24 44 
91 139 125 108 
4 3 84 1 
98 96 127 0 
139 131 100 104 
81 25 6 0 
38 53 63 13 
96 98 84 0 
91 130 139 115 
25 27 9 44 
64 21 29 13 
10 21 11 13 
42 25 9 44 
37 15 7 51 
144 120 139 104 
48 59 67 36 
123 112 88 99 
6 23 84 24 
100 143 128 104 
98 82 78 94 
92 131 116 100 
92 131 108 116 
25 9 95 127 
98 3 97 124 
107 91 139 125 
15 17 7 51 
19 42 9 44 
16 23 15 7 
140 139 131 108 
7 23 51 24 
98 3 81 97 
3 98 81 6 
41 49 48 36 
119 145 135 106 
86 87 137 121 
30 29 34 57 
139 140 125 108 
91 92 131 108 
139 91 131 108 
98 9 127 78 
25 6 0 44 
121 77 94 80 
89 77 121 80 
17 50 7 51 
41 48 67 36 
133 134 115 104 
64 63 29 34 
96 98 127 110 
2 26 53 13 
118 129 105 106 
32 61 33 15 
46 64 21 29 
5 23 37 15 
133 115 103 104 
46 39 40 21 
39 46 64 21 
75 64 72 34 
117 145 136 106 
33 59 48 36 
22 50 69 52 
63 29 34 31 
54 19 42 26 
39 70 53 63 
27 25 9 95 
122 123 88 99 
119 135 118 106 
96 98 110 124 
10 29 13 31 
126 96 125 108 
78 11 14 12 
5 16 23 15 
77 78 94 80 
136 119 118 106 
138 145 119 106 
9 27 95 79 
136 119 87 118 
114 102 106 113 
105 102 106 132 
77 82 87 121 
102 114 106 132 
123 136 122 93 
119 138 136 93 
136 138 122 93 
106 132 113 142 
30 34 31 57 
16 5 23 84 
118 135 129 106 
145 138 136 106 
112 98 88 99 
92 108 109 116 
96 95 127 0 
83 96 84 0 
122 123 93 88 
17 15 60 51 
76 77 89 80 
91 130 107 139 
95 25 127 0 
98 127 81 0 
98 6 84 0 
3 91 107 125 
3 97 124 125 
3 107 97 125 
126 96 110 125 
110 96 124 125 
131 111 143 104 
3 98 6 84 
24 19 44 45 
140 126 125 108 
63 64 29 13 
29 56 34 57 
96 83 84 1 
61 37 15 20 
91 85 92 1 
85 3 4 1 
78 127 94 79 
39 64 70 63 
103 100 128 104 
98 112 82 94 
115 139 100 104 
127 25 81 0 
37 5 15 20 
6 25 24 44 
15 37 60 51 
87 136 137 121 
27 25 95 0 
4 3 6 84 
98 81 6 0 
85 101 115 100 
92 91 131 100 
91 85 115 100 
85 91 92 100 
91 139 131 100 
139 91 115 100 
83 96 108 1 
50 22 18 52 
120 111 131 104 
134 144 139 104 
101 115 100 104 
115 101 103 104 
103 101 100 104 
116 143 100 104 
131 116 100 104 
116 131 143 104 
140 120 131 104 
120 140 139 104 
139 140 131 104 
130 139 115 104 
134 130 115 104 
130 134 139 104 
108 92 109 1 
83 108 109 1 
98 96 84 1 
3 98 84 1 
91 92 108 1 
96 125 108 1 
96 98 124 1 
98 3 124 1 
3 91 125 1 
125 91 108 1 
124 3 125 1 
96 124 125 1 
23 37 15 7 
32 61 15 20 
29 30 34 31 
23 16 84 7 
95 27 0 7 
18 19 7 45 
26 2 14 13 
73 49 36 69 
49 41 73 36 
55 54 39 26 
23 37 7 51 
50 18 45 28 
19 54 42 44 
17 50 22 7 
22 50 18 7 
19 27 18 7 
27 19 0 7 
84 16 0 7 
19 84 0 7 
86 90 76 89 
18 50 52 28 
18 19 45 28 
66 62 34 31 
58 59 33 36 
7 19 24 45 
58 61 65 36 
61 58 32 36 
32 58 33 36 
61 32 33 36 
50 17 60 51 
27 25 0 44 
73 36 47 68 
36 73 69 68 
55 39 70 53 
27 19 9 44 
19 27 0 44 
49 36 69 68 
49 48 36 68 
48 49 17 68 
22 49 69 68 
50 22 69 68 
17 49 22 68 
50 17 22 68 
36 47 68 60 
36 43 47 60 
50 17 68 60 
65 43 36 60 
61 65 36 60 
37 61 15 60 
17 48 68 60 
48 36 68 60 
15 48 17 60 
33 61 36 60 
48 33 36 60 
61 33 15 60 
15 33 48 60 
19 6 84 24 
84 23 7 24 
19 84 7 24 
50 18 7 45 
50 7 24 45 
39 40 21 8 
54 42 39 26 
39 55 26 53 
90 86 114 89 
77 9 82 78 
62 63 34 31 
114 106 132 113 
102 118 105 106 
79 78 14 12 
123 93 88 82 
25 9 81 82 
112 123 88 82 
98 88 81 82 
9 98 81 82 
98 112 88 82 
86 102 114 113 
123 93 82 87 
136 119 93 87 
123 136 93 87 
56 72 29 34 
34 35 31 57 
66 63 71 34 
63 74 71 34 
138 119 136 106 
66 62 63 34 
64 46 72 34 
74 64 75 34 
46 64 29 34 
8 42 78 11 
9 98 82 78 
42 9 8 78 
72 46 29 34 
64 74 70 34 
70 74 63 34 
64 70 63 34 
42 19 9 78 
21 10 29 13 
39 42 8 11 
21 39 8 11 
42 39 26 11 
11 10 14 12 
42 19 78 11 
19 42 26 11 
26 39 53 11 
82 77 78 94 
77 87 86 121 
77 86 76 89 
82 123 121 94 
89 86 137 121 
38 2 53 13 
19 9 78 79 
35 66 34 31 
77 86 89 121 
123 136 87 121 
78 77 76 80 
77 82 121 94 
112 123 82 94 
78 94 80 79 
113 106 142 137 
142 106 141 137 
136 117 106 137 
106 117 141 137 
87 136 118 137 
9 95 127 79 
89 86 113 137 
118 136 106 137 
87 118 86 137 
102 106 113 137 
102 118 106 137 
118 102 86 137 
86 102 113 137 
62 38 63 13 
112 98 127 94 
127 98 78 94 
9 127 78 79 
127 95 94 79 
19 27 9 79 
10 30 29 31 
63 62 13 31 
29 63 13 31 
27 95 79 14 
19 27 79 14 
27 19 2 14 
78 19 79 14 
19 78 11 14 
2 19 26 14 
26 19 11 14 
53 39 63 13 
53 26 11 13 
11 26 14 13 
39 53 11 13 
21 39 11 13 
39 64 63 13 
64 39 21 13 
