610
-0.07632 -0.030965 0.117757 
-0.088223 -0.031296 0.087476 
-0.116227 0.058583 0.059441 
-0.088223 0.031296 0.087476 
-0.125603 0.031627 0.07729 
-0.180435 0.031875 0.077187 
-0.181366 -0 0.083789 
0.178091 -0.059073 0.059287 
0.103005 -0.076198 0.032095 
0.057985 0.057356 -0.108867 
0.031124 0.0746 -0.095159 
0.048678 0.075321 -0.04793 
-0 0.08479 0 
-0.103005 0.076198 0.032095 
-0.174785 0.076914 0.031992 
-0.178091 0.059073 0.059287 
-0.083355 -0 0.120998 
-0.07632 0.030965 0.117757 
0.031124 -0.0746 0.095159 
0.07192 -0.05795 0.071901 
0.048678 -0.075321 0.04793 
-0 -0.08046 0.156876 
0.116227 0.058583 -0.059441 
0.180435 0.031875 -0.077187 
0.125603 0.031627 -0.07729 
0.088223 0.031296 -0.087476 
0.244698 -0.059236 -0.059236 
0.244698 -0.031958 -0.077153 
0.180435 -0.031875 -0.077187 
0.310185 -0.077153 -0.031958 
0.244698 -0.077153 -0.031958 
0.172892 -0.083496 0 
-0.083668 -0 0.16535 
-0.076945 -0.030717 0.16454 
-0.077153 -0.030634 0.224231 
-0.059236 -0.056782 0.224231 
-0.077153 -0.030634 0.290505 
-0.031749 -0.074118 0.158891 
-0.058923 -0.056925 0.162318 
-0.031958 -0.073957 0.224231 
-0.031958 -0.073957 0.290505 
0.083668 0 0.16535 
0.076945 -0.030717 0.16454 
0.07632 -0.030965 0.117757 
0.057985 -0.057356 0.108867 
0.088223 -0.031296 0.087476 
-0.058923 0.056925 0.162318 
-0.076945 0.030717 0.16454 
-0.083772 0 0.224231 
-0.077153 0.030634 0.224231 
0.310185 0.031958 -0.077153 
0.310185 -0 -0.083772 
0.244698 -0 -0.083772 
0.244698 0.031958 -0.077153 
0.310185 -0.077153 0.031958 
0.310185 -0.059236 0.059236 
0.244698 -0.059236 0.059236 
0.244698 -0.077153 0.031958 
0.174785 -0.076914 0.031992 
0.244698 -0.083772 0 
-0 -0.080301 0.224231 
0.031749 -0.074118 0.158891 
0.058923 -0.056925 0.162318 
0.031958 -0.073957 0.224231 
0.031958 -0.073957 0.290505 
-0.07192 0.05795 0.071901 
-0.057985 0.057356 0.108867 
-0.031124 0.0746 0.095159 
-0 0.080935 0.087101 
-0.048678 0.075321 0.04793 
0.103005 0.076198 -0.032095 
0.125603 -0.031627 0.07729 
0.116227 -0.058583 0.059441 
0.07632 0.030965 0.117757 
0.076945 0.030717 0.16454 
0.083355 -0 0.120998 
0.368691 -0.031958 -0.077153 
0.310185 -0.031958 -0.077153 
0.368691 -0.059236 -0.059236 
0.368691 -0.083772 0 
0.310185 -0.083772 0 
0.368691 -0.077153 -0.031958 
0.310185 -0.059236 -0.059236 
-0.077153 -0.030634 0.35704 
-0.059236 -0.056782 0.35704 
-0.075196 -0.029857 0.416046 
0.495759 0 -0.03851 
0.495759 -0.02723 -0.02723 
0.495759 -0.016981 -0.040996 
0.486752 -0.058327 -0.02416 
0.495759 -0.03851 0 
0.495759 -0.040996 -0.016981 
-0.058327 -0.023159 0.486752 
-0.02723 -0.026102 0.495759 
-0.040996 -0.016278 0.495759 
-0.04372 -0.041909 0.486752 
-0.03851 0 0.495759 
-0.059236 -0.056782 0.290505 
-0.031958 -0.073957 0.35704 
-0 -0.080301 0.35704 
-0.031147 -0.072081 0.416046 
-0.02416 -0.055911 0.486752 
-0.016981 -0.039298 0.495759 
-0.031749 0.074118 0.158891 
-0.059236 0.056782 0.224231 
-0.031958 0.073957 0.224231 
0.310185 -0.031958 0.077153 
0.244698 -0.031958 0.077153 
0.244698 0 0.083772 
0.181366 0 0.083789 
0.180435 -0.031875 0.077187 
0.310185 0.083772 0 
0.310185 0.077153 -0.031958 
0.244698 0.077153 -0.031958 
0.244698 0.059236 -0.059236 
0.178091 0.059073 -0.059287 
0.174785 0.076914 -0.031992 
0.244698 0.083772 0 
0.077153 -0.030634 0.224231 
0.077153 -0.030634 0.290505 
0.059236 -0.056782 0.224231 
0.059236 -0.056782 0.290505 
-0.06183 0 0.486752 
-0 0 0.495759 
-0.02723 0.026102 0.495759 
-0.040996 0.016278 0.495759 
0.495759 0.016981 -0.040996 
0.495759 -0.040996 0.016981 
0.495759 -0.02723 0.02723 
0.495759 0 0 
-0 -0.059269 0.486752 
-0 -0.036914 0.495759 
0.016981 -0.039298 0.495759 
0.07192 0.05795 0.071901 
0.103005 0.076198 0.032095 
0.095432 0.08267 0 
-0.016981 0.039298 0.495759 
-0 0.036914 0.495759 
0.486752 0.04372 -0.04372 
0.495759 0.040996 -0.016981 
0.495759 0.02723 -0.02723 
0.495759 0 0.03851 
0.495759 -0.016981 0.040996 
0.06183 0 0.486752 
0.058327 -0.023159 0.486752 
0.02723 -0.026102 0.495759 
0.040996 -0.016278 0.495759 
-0 0.08046 0.156876 
0.031124 0.0746 0.095159 
0.031749 0.074118 0.158891 
0.048678 0.075321 0.04793 
0.057985 0.057356 0.108867 
-0.077153 0.030634 0.290505 
-0.083772 -0 0.290505 
-0.083772 0 0.35704 
-0.075196 0.029857 0.416046 
-0.077153 0.030634 0.35704 
-0.059236 0.056782 0.35704 
0.418959 0.031147 -0.075196 
0.368691 0.031958 -0.077153 
0.368691 -0 -0.083772 
0.368691 0.059236 -0.059236 
0.310185 0.059236 -0.059236 
0.418959 -0.057733 0.057733 
0.368691 -0.077153 0.031958 
0.04372 0.041909 0.486752 
0.016981 0.039298 0.495759 
0.02723 0.026102 0.495759 
0.058327 0.023159 0.486752 
0.03851 0 0.495759 
0.040996 0.016278 0.495759 
-0 -0.080301 0.290505 
0.031958 -0.073957 0.35704 
0.059236 -0.056782 0.35704 
0.031147 -0.072081 0.416046 
0.486752 0.058327 0.02416 
0.495759 0.040996 0.016981 
0.495759 0.02723 0.02723 
0.495759 0.03851 0 
0.495759 0.016981 0.040996 
0.058923 0.056925 0.162318 
0.031958 0.073957 0.224231 
-0 0.080301 0.224231 
0.031958 0.073957 0.290505 
-0 0.080301 0.290505 
0.059236 0.056782 0.224231 
0.083772 0 0.224231 
0.077153 0.030634 0.224231 
0.077153 0.030634 0.290505 
0.310185 0.031958 0.077153 
0.244698 0.031958 0.077153 
0.244698 0.059236 0.059236 
0.244698 0.077153 0.031958 
0.172892 0.083496 0 
0.174785 0.076914 0.031992 
0.129329 0 0.08384 
0.180435 0.031875 0.077187 
0.178091 0.059073 0.059287 
0.125603 0.031627 0.07729 
0.116227 0.058583 0.059441 
0.088223 0.031296 0.087476 
0.09464 0 0.093164 
0.486752 0 -0.06183 
0.486752 -0.02416 -0.058327 
0.486752 -0.04372 -0.04372 
0.459732 -0.053225 -0.053225 
0.418959 -0.031147 -0.075196 
0.459732 -0.028715 -0.069324 
0.418959 -0 -0.081647 
0.459732 -0.069324 -0.028715 
0.418959 -0.075196 -0.031147 
0.418959 -0.057733 -0.057733 
-0.069324 -0.027525 0.459732 
-0.057733 -0.055341 0.416046 
-0.028715 -0.066452 0.459732 
-0.053225 -0.05102 0.459732 
-0 0.080301 0.35704 
-0.031958 0.073957 0.290505 
-0.059236 0.056782 0.290505 
-0.031958 0.073957 0.35704 
-0.057733 0.055341 0.416046 
0.368691 -0.059236 0.059236 
0.368691 -0.031958 0.077153 
0.418959 0.075196 -0.031147 
0.368691 0.077153 -0.031958 
0.083772 0 0.290505 
0.083772 0 0.35704 
0.077153 -0.030634 0.35704 
-0.081647 -0 0.416046 
-0.075271 -0 0.459732 
-0.058327 0.023159 0.486752 
-0.069324 0.027525 0.459732 
0.486752 0.02416 -0.058327 
0.459732 0.028715 -0.069324 
0.459732 -0 -0.075271 
0.418959 0.057733 -0.057733 
0.486752 -0.06183 0 
0.486752 -0.058327 0.02416 
0.459732 -0.075271 0 
0.459732 -0.069324 0.028715 
0.459732 -0.053225 0.053225 
0.418959 -0.075196 0.031147 
0.418959 -0.081647 0 
-0 -0.078264 0.416046 
-0 -0.072152 0.459732 
0.057733 -0.055341 0.416046 
0.053225 -0.05102 0.459732 
0.04372 -0.041909 0.486752 
0.028715 -0.066452 0.459732 
0.02416 -0.055911 0.486752 
0.059236 0.056782 0.35704 
0.031958 0.073957 0.35704 
0.031147 0.072081 0.416046 
0.059236 0.056782 0.290505 
0.075196 0.029857 0.416046 
0.077153 0.030634 0.35704 
0.310185 0.059236 0.059236 
0.368691 0 0.083772 
0.368691 0.031958 0.077153 
0.310185 0 0.083772 
0.418959 0.057733 0.057733 
0.368691 0.059236 0.059236 
0.368691 0.077153 0.031958 
0.418959 0.075196 0.031147 
0.368691 0.083772 0 
0.310185 0.077153 0.031958 
-0 0.078264 0.416046 
-0.053225 0.05102 0.459732 
-0.031147 0.072081 0.416046 
-0.028715 0.066452 0.459732 
-0.04372 0.041909 0.486752 
-0.02416 0.055911 0.486752 
-0 0.059269 0.486752 
0.486752 -0.04372 0.04372 
0.486752 -0.02416 0.058327 
0.459732 -0.028715 0.069324 
0.418959 -0.031147 0.075196 
0.459732 0.053225 -0.053225 
0.486752 0.058327 -0.02416 
0.459732 0.069324 -0.028715 
0.418959 0.081647 0 
0.075196 -0.029857 0.416046 
0.069324 -0.027525 0.459732 
0.028715 0.066452 0.459732 
-0 0.072152 0.459732 
0.02416 0.055911 0.486752 
0.053225 0.05102 0.459732 
0.081647 0 0.416046 
0.075271 0 0.459732 
0.057733 0.055341 0.416046 
0.069324 0.027525 0.459732 
0.486752 0 0.06183 
0.459732 0.028715 0.069324 
0.459732 0.053225 0.053225 
0.486752 0.02416 0.058327 
0.418959 0.031147 0.075196 
0.459732 0 0.075271 
0.418959 0 0.081647 
0.486752 0.04372 0.04372 
0.486752 0.06183 0 
0.459732 0.075271 0 
0.459732 0.069324 0.028715 
0.07632 0.030965 -0.117757 
0.09464 -0 -0.093164 
0.076945 0.030717 -0.16454 
0.07192 0.05795 -0.071901 
0.181366 -0 -0.083789 
0.178091 -0.059073 -0.059287 
0.125603 -0.031627 -0.07729 
0.116227 -0.058583 -0.059441 
0.088223 -0.031296 -0.087476 
0.129329 -0 -0.08384 
-0.103005 0.076198 -0.032095 
-0.048678 0.075321 -0.04793 
-0.095432 0.08267 0 
-0 -0.08479 -0 
-0 -0.080935 0.087101 
-0.031124 -0.0746 0.095159 
-0.057985 -0.057356 0.108867 
0.103005 -0.076198 -0.032095 
0.174785 -0.076914 -0.031992 
0.095432 -0.08267 0 
0.07632 -0.030965 -0.117757 
0.076945 -0.030717 -0.16454 
0.083355 -0 -0.120998 
-0.031124 0.0746 -0.095159 
-0 0.08046 -0.156876 
-0.057985 0.057356 -0.108867 
-0 0.080935 -0.087101 
-0.129329 -0 0.08384 
-0.09464 -0 0.093164 
-0.180435 -0.031875 0.077187 
-0.178091 -0.059073 0.059287 
-0.125603 -0.031627 0.07729 
-0.116227 -0.058583 0.059441 
-0.244698 0.083772 0 
-0.244698 0.077153 0.031958 
-0.244698 0.059236 0.059236 
-0.310185 0.059236 0.059236 
-0.244698 0.031958 0.077153 
-0.310185 0.031958 0.077153 
-0.244698 0 0.083772 
0.083772 0 -0.290505 
0.083772 0 -0.224231 
0.077153 0.030634 -0.290505 
0.077153 0.030634 -0.224231 
0.059236 0.056782 -0.224231 
0.058923 0.056925 -0.162318 
0.083668 0 -0.16535 
0.031958 0.073957 -0.290505 
0.031958 0.073957 -0.224231 
0.031749 0.074118 -0.158891 
-0.076945 0.030717 -0.16454 
-0.07632 0.030965 -0.117757 
-0.083668 -0 -0.16535 
0.077153 -0.030634 -0.224231 
-0.172892 0.083496 0 
-0.174785 0.076914 -0.031992 
-0.244698 0.077153 -0.031958 
-0.310185 0.083772 0 
-0.310185 -0 0.083772 
-0.244698 -0.059236 0.059236 
-0.244698 -0.031958 0.077153 
-0.031958 0.073957 -0.290505 
-0.031958 0.073957 -0.224231 
-0.031749 0.074118 -0.158891 
-0 0.080301 -0.224231 
-0 -0.080935 -0.087101 
0.058923 -0.056925 -0.162318 
0.057985 -0.057356 -0.108867 
0.07192 -0.05795 -0.071901 
0.031124 -0.0746 -0.095159 
0.048678 -0.075321 -0.04793 
-0.07192 -0.05795 0.071901 
-0.174785 -0.076914 0.031992 
-0.103005 -0.076198 0.032095 
-0.048678 -0.075321 0.04793 
-0.088223 0.031296 -0.087476 
-0.181366 -0 -0.083789 
-0.180435 0.031875 -0.077187 
-0.178091 0.059073 -0.059287 
-0.125603 0.031627 -0.07729 
-0.116227 0.058583 -0.059441 
-0.07192 0.05795 -0.071901 
-0.083355 -0 -0.120998 
-0.09464 -0 -0.093164 
-0.076945 -0.030717 -0.16454 
-0.07632 -0.030965 -0.117757 
-0.088223 -0.031296 -0.087476 
-0.368691 0.059236 0.059236 
-0.310185 0.077153 0.031958 
-0.368691 0.077153 0.031958 
-0.418959 0.075196 0.031147 
-0.368691 0.031958 0.077153 
0.075196 0.029857 -0.416046 
0.059236 0.056782 -0.35704 
0.077153 0.030634 -0.35704 
0.059236 0.056782 -0.290505 
0.083772 0 -0.35704 
-0.495759 0.016981 0.040996 
-0.486752 0 0.06183 
-0.495759 0 0.03851 
-0.495759 0.02723 0.02723 
-0.486752 0.02416 0.058327 
-0.495759 0 0 
-0.495759 0.040996 0.016981 
0.06183 0 -0.486752 
0.058327 0.023159 -0.486752 
0.03851 0 -0.495759 
0.040996 0.016278 -0.495759 
0.031958 0.073957 -0.35704 
0.016981 0.039298 -0.495759 
0.02723 0.026102 -0.495759 
0.04372 0.041909 -0.486752 
0.02416 0.055911 -0.486752 
-0 0.036914 -0.495759 
0.031958 -0.073957 -0.290505 
0.059236 -0.056782 -0.224231 
0.031958 -0.073957 -0.224231 
0.031749 -0.074118 -0.158891 
-0 -0.08046 -0.156876 
-0.244698 0.059236 -0.059236 
-0.244698 0.031958 -0.077153 
-0.244698 -0 -0.083772 
-0.310185 0.031958 -0.077153 
-0.244698 -0.077153 0.031958 
-0.310185 -0.083772 -0 
-0.059236 0.056782 -0.224231 
-0.077153 0.030634 -0.224231 
-0.083772 -0 -0.290505 
-0.058923 0.056925 -0.162318 
0.040996 -0.016278 -0.495759 
0.04372 -0.041909 -0.486752 
0.058327 -0.023159 -0.486752 
0.02723 -0.026102 -0.495759 
-0.495759 -0.016981 0.040996 
-0.486752 -0.04372 0.04372 
-0.495759 0.02723 -0.02723 
-0.495759 0.040996 -0.016981 
-0.495759 0.03851 0 
-0.016981 0.039298 -0.495759 
-0.02416 0.055911 -0.486752 
-0.095432 -0.08267 0 
-0.048678 -0.075321 -0.04793 
-0.103005 -0.076198 -0.032095 
-0.174785 -0.076914 -0.031992 
-0.116227 -0.058583 -0.059441 
-0.178091 -0.059073 -0.059287 
-0.07192 -0.05795 -0.071901 
0.016981 -0.039298 -0.495759 
-0 -0.059269 -0.486752 
-0.495759 -0.02723 0.02723 
-0.495759 -0.040996 0.016981 
-0.486752 -0.058327 0.02416 
-0.486752 0.04372 -0.04372 
-0.495759 0.016981 -0.040996 
-0.486752 0.02416 -0.058327 
-0.06183 0 -0.486752 
-0.02723 0.026102 -0.495759 
-0.040996 0.016278 -0.495759 
-0.04372 0.041909 -0.486752 
-0.058327 0.023159 -0.486752 
-0.03851 0 -0.495759 
-0.058923 -0.056925 -0.162318 
-0.031749 -0.074118 -0.158891 
-0.031124 -0.0746 -0.095159 
-0.057985 -0.057356 -0.108867 
0.075196 -0.029857 -0.416046 
0.059236 -0.056782 -0.35704 
0.077153 -0.030634 -0.35704 
0.081647 0 -0.416046 
0.059236 -0.056782 -0.290505 
0.077153 -0.030634 -0.290505 
-0.368691 0.083772 0 
-0.310185 0.077153 -0.031958 
-0.368691 0.077153 -0.031958 
-0.368691 0.059236 -0.059236 
-0.310185 -0.059236 0.059236 
-0.310185 -0.031958 0.077153 
-0.368691 -0.031958 0.077153 
-0.368691 0 0.083772 
-0.368691 -0.059236 0.059236 
-0.02723 -0.026102 -0.495759 
-0.016981 -0.039298 -0.495759 
-0.02416 -0.055911 -0.486752 
-0 0 -0.495759 
-0 -0.036914 -0.495759 
-0.040996 -0.016278 -0.495759 
-0 0.078264 -0.416046 
-0 0.080301 -0.35704 
-0.031958 0.073957 -0.35704 
-0 0.080301 -0.290505 
-0.495759 -0.040996 -0.016981 
-0.486752 -0.04372 -0.04372 
-0.486752 -0.06183 0 
-0.495759 -0.03851 0 
-0.486752 -0.02416 -0.058327 
-0.495759 -0.016981 -0.040996 
-0.495759 -0.02723 -0.02723 
-0.495759 0 -0.03851 
-0.031958 -0.073957 -0.290505 
-0.031958 -0.073957 -0.224231 
-0 -0.080301 -0.224231 
-0.077153 -0.030634 -0.224231 
-0.059236 -0.056782 -0.224231 
-0.083772 0 -0.224231 
-0.172892 -0.083496 0 
-0.244698 -0.077153 -0.031958 
-0.244698 -0.083772 0 
-0.310185 -0.077153 -0.031958 
-0.244698 -0.031958 -0.077153 
-0.244698 -0.059236 -0.059236 
-0.310185 -0.059236 -0.059236 
-0.180435 -0.031875 -0.077187 
-0.129329 -0 -0.08384 
-0.125603 -0.031627 -0.07729 
-0.418959 0.081647 0 
-0.459732 0.075271 0 
-0.486752 0.058327 0.02416 
-0.459732 0.069324 0.028715 
-0.486752 0.04372 0.04372 
-0.418959 0 0.081647 
-0.459732 0 0.075271 
-0.418959 0.057733 0.057733 
-0.418959 0.031147 0.075196 
-0.459732 0.053225 0.053225 
-0.459732 0.028715 0.069324 
0.069324 0.027525 -0.459732 
0.053225 0.05102 -0.459732 
0.057733 0.055341 -0.416046 
0.075271 0 -0.459732 
-0 0.072152 -0.459732 
0.028715 0.066452 -0.459732 
0.031147 0.072081 -0.416046 
0.057733 -0.055341 -0.416046 
0.031958 -0.073957 -0.35704 
-0 -0.080301 -0.290505 
-0.310185 0.059236 -0.059236 
-0.368691 -0 -0.083772 
-0.418959 -0 -0.081647 
-0.368691 0.031958 -0.077153 
-0.310185 -0.077153 0.031958 
-0.368691 -0.077153 0.031958 
-0.418959 -0.075196 0.031147 
-0.418959 -0.081647 0 
-0.059236 0.056782 -0.35704 
-0.075196 0.029857 -0.416046 
-0.083772 0 -0.35704 
-0.077153 0.030634 -0.290505 
-0.077153 0.030634 -0.35704 
-0.059236 0.056782 -0.290505 
0.053225 -0.05102 -0.459732 
0.069324 -0.027525 -0.459732 
-0.418959 0.075196 -0.031147 
-0.459732 0.069324 -0.028715 
-0.486752 0.058327 -0.02416 
-0.486752 0.06183 0 
-0.418959 -0.031147 0.075196 
-0.459732 -0.028715 0.069324 
-0.486752 -0.02416 0.058327 
-0 0.059269 -0.486752 
-0.028715 0.066452 -0.459732 
-0.057733 0.055341 -0.416046 
-0.031147 0.072081 -0.416046 
-0.031958 -0.073957 -0.35704 
-0.057733 -0.055341 -0.416046 
-0.031147 -0.072081 -0.416046 
-0 -0.080301 -0.35704 
-0.059236 -0.056782 -0.35704 
-0.081647 -0 -0.416046 
-0.077153 -0.030634 -0.35704 
-0.077153 -0.030634 -0.290505 
-0.059236 -0.056782 -0.290505 
-0.310185 -0 -0.083772 
-0.310185 -0.031958 -0.077153 
-0.368691 -0.059236 -0.059236 
-0.368691 -0.031958 -0.077153 
-0.418959 -0.031147 -0.075196 
-0.368691 -0.077153 -0.031958 
-0.368691 -0.083772 0 
-0.418959 -0.075196 -0.031147 
0.02416 -0.055911 -0.486752 
0.028715 -0.066452 -0.459732 
0.031147 -0.072081 -0.416046 
-0.459732 -0.075271 0 
-0.418959 -0.057733 0.057733 
-0.459732 -0.053225 0.053225 
-0.459732 -0.069324 0.028715 
-0.418959 0.057733 -0.057733 
-0.418959 0.031147 -0.075196 
-0.459732 0.028715 -0.069324 
-0.486752 0 -0.06183 
-0.459732 0.053225 -0.053225 
-0.069324 0.027525 -0.459732 
-0.075271 0 -0.459732 
-0.053225 0.05102 -0.459732 
-0.053225 -0.05102 -0.459732 
-0 -0.072152 -0.459732 
-0 -0.078264 -0.416046 
-0.028715 -0.066452 -0.459732 
-0.058327 -0.023159 -0.486752 
-0.069324 -0.027525 -0.459732 
-0.04372 -0.041909 -0.486752 
-0.075196 -0.029857 -0.416046 
-0.459732 -0.069324 -0.028715 
-0.486752 -0.058327 -0.02416 
-0.459732 0 -0.075271 
-0.418959 -0.057733 -0.057733 
-0.459732 -0.053225 -0.053225 
-0.459732 -0.028715 -0.069324 

1748
195 308 58 71 
107 110 59 57 
445 446 506 444 
129 296 275 141 
596 487 600 601 
405 519 402 439 
116 193 194 117 
344 398 342 469 
315 443 442 376 
408 485 434 552 
566 485 565 603 
0 44 21 318 
71 58 7 72 
339 340 336 478 
457 601 462 594 
325 466 327 9 
132 247 248 145 
606 497 609 499 
577 576 540 391 
475 553 589 391 
360 479 480 340 
479 393 340 391 
279 140 139 178 
250 254 289 251 
601 482 487 462 
504 501 503 386 
44 61 21 18 
8 321 135 70 
387 388 327 353 
404 524 522 521 
309 31 319 320 
129 223 280 300 
485 596 566 565 
608 497 493 498 
515 445 513 447 
263 295 129 260 
580 542 579 578 
238 91 209 90 
375 330 2 334 
231 96 124 125 
300 176 175 301 
348 304 355 323 
253 255 183 188 
463 384 386 387 
37 43 21 0 
270 136 269 271 
498 495 604 404 
2 330 333 334 
294 296 179 291 
345 348 304 355 
446 385 444 388 
323 304 418 368 
353 351 326 302 
244 132 248 131 
3 330 4 2 
357 14 356 335 
129 128 240 239 
131 123 214 93 
282 169 143 288 
24 22 193 116 
332 425 508 374 
215 92 94 212 
123 267 231 124 
469 416 344 535 
452 586 453 587 
488 485 533 583 
43 61 44 62 
162 224 112 50 
53 50 27 52 
268 219 155 220 
25 24 22 303 
241 81 210 242 
546 563 485 562 
22 25 303 70 
549 570 490 363 
330 375 1 334 
227 254 226 255 
255 225 226 119 
285 284 166 272 
537 474 424 358 
296 142 274 275 
6 339 336 362 
83 156 36 154 
333 330 1 334 
448 443 313 442 
304 355 323 418 
382 357 380 381 
546 485 566 603 
475 476 424 540 
506 446 515 333 
606 497 499 591 
347 502 418 368 
419 464 502 420 
331 508 332 425 
224 223 158 235 
123 245 282 246 
5 422 379 513 
568 564 565 603 
122 94 212 96 
485 482 601 462 
331 336 510 425 
485 530 470 467 
301 177 129 178 
279 223 129 300 
67 18 318 317 
574 511 510 507 
103 17 46 66 
511 510 507 513 
503 386 352 354 
325 466 465 388 
240 127 237 239 
50 51 27 52 
217 105 49 104 
587 495 452 451 
49 32 47 33 
166 167 137 283 
449 597 582 486 
546 485 603 569 
38 105 46 33 
123 96 231 229 
528 532 413 412 
59 107 57 29 
564 568 500 570 
183 188 181 253 
134 22 8 70 
438 454 592 437 
399 525 403 526 
408 434 431 552 
488 485 583 598 
272 136 284 137 
564 566 565 603 
112 117 113 192 
453 584 452 587 
119 63 121 64 
6 339 5 336 
567 349 410 489 
471 469 468 416 
384 463 386 352 
325 448 313 383 
596 487 601 482 
408 406 530 552 
316 315 376 20 
65 67 1 317 
480 479 393 340 
318 67 1 66 
63 181 62 60 
579 509 542 426 
4 14 5 15 
438 592 555 554 
576 424 538 540 
43 44 151 200 
65 373 442 376 
305 25 22 70 
512 509 574 576 
479 543 481 585 
608 492 605 604 
548 547 549 570 
485 546 594 569 
592 455 590 437 
316 21 18 317 
528 407 409 413 
217 152 49 34 
463 384 430 352 
276 241 129 163 
422 335 424 336 
578 509 575 576 
148 67 147 68 
170 143 290 168 
570 546 603 569 
475 537 474 424 
509 512 575 576 
316 67 376 317 
123 268 155 220 
98 268 99 216 
360 479 340 478 
525 405 402 520 
574 424 340 336 
335 5 15 336 
69 67 376 68 
5 337 15 336 
300 176 301 178 
335 379 422 358 
423 513 422 510 
597 483 484 599 
606 456 455 590 
485 563 566 488 
576 578 340 391 
281 123 287 254 
108 110 190 107 
392 543 557 404 
592 456 455 454 
485 528 532 533 
540 576 340 391 
424 335 358 474 
24 194 311 193 
268 123 269 267 
338 390 340 391 
183 184 181 60 
392 524 391 523 
313 443 69 442 
43 0 44 21 
364 427 428 352 
506 375 444 334 
134 193 194 199 
63 64 183 60 
571 505 428 429 
443 465 448 313 
4 14 15 2 
3 65 67 1 
105 47 46 33 
15 14 335 336 
362 477 541 361 
119 63 188 118 
152 217 49 218 
123 268 220 267 
123 269 124 137 
103 73 0 17 
485 561 488 531 
270 125 267 124 
392 577 589 391 
325 465 448 388 
227 281 172 173 
492 493 608 605 
136 272 284 271 
99 64 216 251 
218 219 157 152 
123 288 287 254 
152 49 34 48 
32 49 34 33 
479 543 585 557 
248 123 174 243 
66 3 67 1 
553 392 589 391 
123 213 215 212 
518 517 405 556 
157 156 219 155 
218 219 152 217 
219 157 155 220 
156 157 219 152 
246 144 146 247 
565 485 601 603 
543 479 481 542 
584 452 587 495 
558 557 404 522 
32 47 33 16 
452 586 587 451 
493 492 608 498 
336 340 541 478 
507 511 513 447 
146 143 282 169 
574 511 507 512 
184 217 39 40 
400 399 522 401 
542 509 578 340 
435 436 586 559 
293 176 298 177 
215 123 214 100 
452 436 586 451 
485 599 597 598 
152 34 36 153 
35 38 33 39 
338 337 340 336 
13 373 65 1 
424 474 340 336 
18 21 318 317 
399 525 526 402 
339 341 478 362 
506 375 334 374 
35 34 97 40 
76 210 78 211 
513 508 510 507 
123 269 267 124 
293 179 294 292 
445 4 5 329 
56 57 107 54 
4 515 5 14 
373 65 1 317 
5 14 335 15 
96 123 212 229 
466 464 387 420 
331 336 425 6 
0 3 66 1 
65 373 376 317 
330 0 17 16 
172 252 254 251 
485 582 583 598 
31 321 8 319 
64 99 172 251 
357 358 380 335 
330 4 2 333 
375 373 1 334 
508 509 426 425 
330 329 4 333 
295 293 129 260 
59 7 58 57 
473 390 391 475 
548 547 570 429 
175 293 176 298 
144 246 146 282 
331 335 336 6 
217 34 40 36 
577 392 589 404 
83 155 154 228 
65 69 67 376 
64 255 183 251 
96 212 93 94 
22 134 8 199 
156 219 155 83 
94 122 212 92 
123 213 212 85 
399 400 522 403 
119 63 64 188 
169 123 282 145 
225 119 188 118 
0 43 44 151 
311 195 58 110 
245 123 282 281 
139 300 278 279 
213 123 215 100 
169 282 146 145 
121 227 119 64 
255 64 172 251 
102 244 214 131 
58 71 308 31 
184 171 39 60 
9 322 310 369 
286 123 252 289 
305 135 70 11 
131 214 102 93 
122 125 231 230 
103 73 17 147 
143 146 282 144 
176 299 300 175 
131 123 244 214 
444 448 388 312 
134 22 193 199 
528 409 412 413 
444 443 448 442 
61 43 44 21 
330 13 375 2 
64 227 255 172 
205 129 210 209 
321 20 8 19 
64 171 184 60 
606 455 591 499 
61 63 62 60 
269 136 124 137 
465 325 448 313 
71 198 201 195 
149 148 151 147 
394 529 485 533 
252 123 254 289 
269 123 284 137 
446 2 333 334 
64 119 188 255 
123 245 246 174 
529 528 527 485 
99 268 266 216 
397 410 344 349 
227 119 64 255 
181 180 185 74 
180 42 181 62 
522 435 401 558 
288 123 290 254 
446 444 448 388 
343 344 342 355 
541 425 362 361 
291 142 296 141 
112 117 192 111 
295 263 258 260 
125 270 267 230 
253 255 250 183 
286 123 167 283 
304 347 346 350 
64 227 172 173 
24 23 115 311 
170 169 167 290 
255 225 119 188 
560 440 531 441 
339 337 5 336 
102 130 244 131 
83 155 228 85 
393 557 480 521 
286 170 165 167 
134 199 133 200 
23 109 196 110 
63 64 188 183 
188 64 255 183 
18 148 151 200 
37 0 21 318 
184 181 60 182 
58 71 7 195 
351 326 9 10 
188 181 185 187 
42 180 181 74 
293 263 129 260 
373 1 318 317 
250 255 254 251 
49 105 47 104 
0 330 17 3 
195 308 22 24 
18 44 19 45 
336 359 335 474 
577 580 576 391 
56 57 7 110 
61 37 43 21 
149 43 37 103 
22 8 72 199 
61 37 21 60 
577 540 589 391 
47 105 46 104 
188 63 183 181 
108 110 109 190 
37 38 39 60 
107 108 106 190 
440 560 531 415 
265 262 112 111 
134 199 200 201 
9 465 369 371 
129 241 240 163 
219 268 98 216 
394 529 410 395 
304 345 355 418 
129 128 239 90 
23 53 114 113 
188 63 181 187 
531 411 414 532 
303 24 308 311 
192 191 196 190 
240 142 273 128 
227 119 255 226 
126 202 234 232 
168 286 170 165 
234 88 202 86 
222 295 257 297 
134 8 135 70 
126 138 277 140 
571 570 548 363 
461 595 459 460 
485 596 565 601 
224 158 161 235 
113 110 59 192 
365 463 430 366 
351 326 302 9 
353 351 302 419 
53 50 114 113 
326 353 302 9 
384 385 387 353 
171 64 184 99 
483 450 597 484 
432 449 582 434 
492 584 605 604 
495 498 604 492 
210 76 78 81 
149 43 103 147 
18 20 68 150 
388 325 327 377 
28 23 27 306 
103 66 67 147 
376 316 20 68 
279 129 178 300 
116 196 194 311 
574 424 422 573 
11 313 12 328 
203 234 88 202 
148 18 150 133 
528 409 527 412 
198 24 22 193 
532 485 415 412 
295 276 297 222 
58 31 8 72 
527 394 485 530 
13 330 375 1 
194 192 197 117 
566 563 490 489 
24 22 116 115 
162 224 50 161 
416 472 355 471 
335 379 358 380 
23 116 115 311 
308 195 58 311 
129 241 242 238 
528 485 532 412 
192 110 59 190 
488 485 532 533 
23 59 113 110 
567 566 488 598 
419 324 322 368 
196 116 117 23 
436 435 586 451 
406 409 527 407 
411 560 531 414 
465 466 448 388 
409 406 527 408 
129 140 233 277 
205 129 207 206 
394 485 530 470 
177 292 129 141 
345 350 344 418 
139 300 279 178 
129 233 86 234 
308 307 28 311 
450 483 597 486 
139 299 300 178 
262 256 265 189 
126 277 232 233 
263 301 293 129 
293 301 177 129 
296 276 297 129 
295 296 297 129 
276 295 297 129 
292 296 129 141 
295 292 296 129 
295 293 292 129 
292 293 177 129 
110 59 58 320 
107 106 55 54 
199 198 200 201 
210 129 238 209 
81 241 79 242 
567 488 583 598 
148 18 68 150 
567 566 489 488 
485 530 467 552 
546 593 485 594 
570 429 571 548 
563 595 561 485 
534 467 583 535 
394 529 527 485 
603 485 594 569 
425 6 336 362 
485 408 530 552 
487 602 596 600 
449 432 582 581 
429 571 548 428 
13 3 65 2 
148 18 133 200 
324 351 419 302 
509 425 336 541 
134 8 199 201 
492 584 604 495 
593 457 462 594 
434 486 449 582 
508 513 510 331 
394 410 583 535 
206 129 234 208 
337 339 340 336 
326 325 327 9 
549 550 548 363 
469 394 398 470 
560 411 531 415 
545 549 490 363 
301 176 177 178 
17 151 66 147 
67 65 376 317 
496 608 497 493 
474 390 340 336 
238 89 91 236 
73 43 200 201 
227 281 287 254 
236 127 238 237 
510 508 425 574 
225 188 186 118 
27 30 26 29 
318 151 67 66 
449 597 581 582 
129 241 210 242 
385 444 388 312 
501 500 503 363 
394 485 470 467 
536 567 500 363 
434 485 486 582 
10 372 367 371 
310 370 309 319 
443 69 442 376 
205 89 91 209 
570 564 490 363 
500 571 503 363 
205 129 206 211 
326 325 9 10 
563 546 485 566 
345 304 350 418 
599 596 485 482 
570 572 568 500 
351 464 502 419 
567 564 500 363 
515 378 513 379 
193 134 135 70 
304 347 418 368 
258 263 261 260 
468 469 467 535 
20 18 19 150 
64 183 216 251 
341 339 6 362 
110 196 195 109 
148 18 67 68 
469 394 467 535 
599 485 566 598 
566 485 488 598 
606 455 499 590 
416 349 344 535 
56 107 55 54 
217 152 34 36 
31 8 309 319 
467 394 583 535 
608 496 497 609 
542 544 543 580 
71 309 22 308 
331 6 425 362 
456 606 455 591 
522 399 403 526 
340 542 541 478 
351 302 347 9 
58 31 320 59 
447 508 445 513 
445 331 508 374 
6 335 336 5 
447 508 513 507 
385 446 444 312 
303 25 322 310 
504 463 501 386 
113 162 112 50 
69 65 442 376 
186 41 118 187 
13 65 314 69 
364 501 503 363 
129 301 178 300 
344 416 355 418 
325 465 9 10 
349 410 344 535 
483 599 486 482 
517 438 554 439 
506 445 508 374 
485 597 582 598 
445 446 447 515 
365 384 463 464 
446 385 388 515 
561 485 458 415 
351 365 353 326 
599 485 486 482 
596 599 485 566 
347 351 350 366 
115 116 117 113 
223 129 158 235 
440 531 441 561 
570 549 548 363 
428 503 352 354 
540 577 538 576 
564 568 570 603 
596 599 602 482 
293 179 292 177 
483 602 599 482 
602 483 599 484 
382 385 381 377 
595 459 460 458 
596 485 482 601 
602 487 596 482 
389 340 391 338 
282 123 246 145 
504 501 500 503 
504 500 572 503 
572 500 571 503 
512 509 507 574 
446 445 506 515 
463 466 464 387 
384 463 464 387 
386 384 352 354 
71 309 72 22 
105 217 49 34 
423 574 422 573 
494 492 584 605 
478 481 479 542 
153 156 154 36 
339 360 340 478 
607 577 580 576 
576 580 575 578 
336 339 478 362 
330 13 3 1 
47 17 46 16 
49 217 104 218 
14 515 379 357 
487 457 601 462 
457 487 601 600 
485 593 462 594 
601 485 462 594 
485 601 603 594 
595 561 485 458 
595 460 561 458 
595 461 459 593 
593 485 462 458 
593 595 485 458 
459 593 462 458 
440 460 561 441 
460 440 561 458 
457 459 593 462 
459 457 593 461 
570 546 547 549 
546 570 547 569 
595 593 485 562 
563 595 485 562 
593 546 485 562 
500 570 571 363 
500 564 570 363 
325 365 326 327 
312 385 382 377 
546 563 562 490 
545 546 562 490 
566 563 489 488 
449 450 597 486 
561 563 485 488 
546 545 549 490 
563 546 566 490 
570 546 549 490 
566 546 603 490 
564 566 603 490 
570 564 603 490 
546 570 603 490 
22 198 193 199 
384 430 352 353 
125 122 231 96 
424 537 358 421 
4 333 445 515 
358 421 379 422 
312 382 383 377 
556 438 517 439 
357 514 380 381 
325 466 388 327 
388 466 387 327 
463 364 430 366 
17 0 3 66 
385 446 312 382 
514 380 381 379 
448 312 383 377 
357 379 335 380 
384 365 463 430 
388 385 312 377 
448 325 388 377 
510 423 574 422 
207 129 86 234 
379 357 514 380 
571 505 503 428 
505 503 428 354 
358 424 421 422 
327 388 377 353 
385 514 515 381 
365 327 430 353 
384 365 430 353 
385 446 382 381 
446 385 515 381 
380 358 421 379 
373 13 375 1 
3 13 65 1 
325 448 383 377 
503 364 363 428 
363 364 427 428 
428 550 427 363 
327 325 383 377 
448 388 312 377 
548 571 363 428 
571 503 363 428 
364 430 427 352 
364 463 430 352 
503 364 428 352 
463 364 501 352 
463 501 386 352 
501 503 386 352 
501 364 503 352 
388 385 377 353 
385 388 387 353 
321 315 20 372 
365 326 327 353 
353 464 384 365 
464 353 384 387 
365 351 353 464 
464 420 353 387 
423 513 378 422 
5 331 335 422 
331 422 513 510 
23 52 27 306 
576 573 538 424 
498 609 497 499 
517 405 556 439 
438 556 517 555 
540 577 589 539 
96 231 229 122 
542 477 541 478 
606 496 497 591 
456 592 455 590 
496 606 497 609 
590 437 455 499 
553 588 475 589 
475 589 476 540 
391 553 473 475 
559 522 435 400 
517 518 405 519 
284 136 269 137 
267 125 231 124 
393 524 557 521 
517 438 555 554 
541 336 478 362 
524 392 557 404 
557 404 522 521 
554 438 437 439 
479 542 340 478 
425 336 541 362 
360 339 341 478 
49 105 34 33 
123 282 281 288 
34 152 48 153 
212 96 229 122 
492 494 584 495 
543 392 580 404 
558 451 435 401 
71 199 22 72 
446 506 444 334 
298 179 293 177 
293 176 177 301 
151 0 17 66 
474 475 390 359 
21 44 18 318 
509 574 576 340 
252 99 266 216 
578 509 576 340 
574 424 576 340 
540 475 589 391 
576 424 540 340 
553 392 391 516 
475 474 390 340 
474 475 424 340 
424 475 540 340 
422 331 336 510 
389 340 393 391 
13 330 3 2 
49 32 34 48 
299 176 300 178 
379 515 514 357 
0 330 3 1 
151 18 67 148 
375 506 444 442 
329 331 6 5 
379 513 422 378 
379 5 515 14 
14 379 335 357 
379 14 335 5 
5 331 422 513 
5 379 515 513 
5 513 445 331 
10 370 372 371 
5 513 515 445 
515 14 4 356 
356 515 381 4 
20 69 68 150 
151 148 133 200 
475 540 340 391 
196 192 190 109 
506 446 333 334 
7 71 110 195 
67 316 376 68 
18 316 67 68 
316 18 20 68 
151 318 44 0 
326 327 353 9 
390 338 340 336 
34 97 40 36 
293 175 176 301 
446 382 381 2 
446 312 382 2 
375 13 444 2 
515 381 4 2 
515 446 381 2 
444 13 312 2 
446 444 312 2 
13 375 444 442 
329 506 374 445 
577 392 580 391 
479 542 543 391 
542 479 340 391 
149 103 182 147 
424 335 474 336 
103 17 66 147 
193 198 194 199 
3 65 66 67 
0 37 38 318 
390 475 340 391 
23 116 117 115 
78 76 82 29 
373 375 442 376 
312 448 383 314 
313 312 383 314 
448 313 383 314 
316 18 67 317 
14 13 2 356 
312 13 314 356 
4 14 2 356 
13 312 2 356 
381 4 2 356 
312 357 382 356 
312 382 2 356 
445 4 515 5 
151 318 0 66 
357 514 381 356 
515 356 381 514 
382 381 2 356 
382 357 381 356 
329 506 445 333 
425 510 331 508 
333 4 445 329 
515 357 356 514 
357 14 515 356 
445 333 506 515 
422 335 358 424 
424 574 422 336 
509 574 340 336 
574 510 422 336 
574 425 336 509 
510 425 336 574 
331 335 422 336 
329 331 332 333 
574 508 509 507 
580 578 576 391 
578 542 340 391 
543 542 580 391 
392 543 580 391 
580 542 578 391 
557 393 480 479 
520 399 525 403 
391 524 389 523 
399 520 525 402 
518 525 405 519 
525 405 519 402 
525 518 405 520 
267 125 230 231 
517 405 439 519 
96 123 231 124 
269 270 267 124 
136 270 269 124 
155 123 220 231 
220 123 267 231 
557 524 404 521 
522 559 435 558 
451 558 404 401 
340 509 336 541 
217 34 39 40 
577 607 580 404 
584 453 452 494 
195 311 308 24 
522 435 400 401 
362 477 478 541 
543 585 557 404 
123 215 214 93 
102 244 101 214 
542 509 340 541 
425 509 426 541 
410 567 583 535 
416 469 468 535 
542 580 579 544 
99 252 172 251 
509 542 426 541 
579 509 578 542 
21 37 318 317 
404 526 401 522 
392 577 580 404 
519 402 439 404 
392 524 523 404 
526 402 404 401 
296 142 275 141 
105 49 47 33 
543 479 391 557 
393 524 391 557 
479 393 391 557 
526 399 402 401 
586 435 559 558 
4 515 2 333 
392 543 391 557 
524 392 391 557 
515 446 2 333 
219 217 184 40 
524 526 404 522 
557 586 558 404 
558 586 451 404 
558 404 401 522 
436 452 586 453 
498 609 499 404 
392 553 589 404 
519 439 517 404 
392 519 517 404 
519 392 525 404 
519 525 402 404 
553 392 516 404 
437 554 439 404 
607 577 608 404 
607 608 580 404 
608 498 604 404 
580 608 604 404 
604 495 584 404 
580 604 584 404 
587 495 451 404 
544 543 580 404 
525 392 523 404 
524 525 523 404 
585 543 586 404 
585 586 557 404 
590 437 499 404 
577 589 539 404 
609 577 606 404 
609 606 499 404 
609 498 608 404 
577 609 608 404 
553 588 589 404 
516 392 517 404 
553 516 517 404 
439 554 517 404 
554 553 517 404 
553 554 592 404 
592 554 437 404 
544 580 584 404 
587 543 584 404 
495 587 584 404 
543 587 586 404 
586 587 451 404 
543 544 584 404 
524 526 525 404 
525 526 402 404 
606 590 499 404 
590 606 589 404 
590 592 437 404 
592 590 589 404 
589 606 539 404 
606 577 539 404 
588 553 592 404 
588 592 589 404 
47 46 33 16 
0 103 17 16 
17 103 46 16 
38 0 33 16 
46 38 33 16 
103 37 46 16 
37 103 0 16 
37 38 46 16 
37 0 38 16 
66 0 1 318 
286 168 170 290 
331 425 332 361 
345 344 355 418 
425 331 362 361 
151 318 67 18 
151 318 18 44 
349 350 502 418 
444 375 2 334 
446 444 2 334 
466 387 322 420 
314 313 69 442 
331 445 508 513 
113 162 50 114 
447 508 507 445 
123 286 252 283 
374 331 508 332 
333 506 334 374 
332 333 334 374 
308 195 22 71 
329 506 333 374 
332 329 333 374 
374 5 445 331 
374 5 329 445 
331 374 329 332 
444 314 13 442 
374 5 331 329 
195 22 71 198 
448 313 314 442 
215 94 93 212 
314 444 448 442 
444 314 312 13 
444 314 448 312 
13 373 375 442 
65 314 69 442 
373 13 65 442 
65 13 314 442 
67 151 147 66 
318 67 317 1 
34 35 39 40 
58 71 31 72 
185 181 74 187 
38 105 33 39 
217 105 184 39 
34 35 33 39 
105 34 33 39 
105 217 34 39 
171 184 39 40 
142 128 275 141 
92 215 94 95 
123 96 212 93 
215 123 212 93 
215 94 95 93 
214 215 95 93 
97 98 36 84 
102 95 214 101 
95 102 214 93 
155 123 228 85 
98 83 84 85 
213 98 84 85 
213 123 100 85 
219 155 83 85 
98 219 83 85 
98 213 100 85 
123 268 100 85 
268 123 155 85 
268 219 98 85 
219 268 155 85 
268 98 100 85 
97 98 40 36 
219 217 40 36 
217 219 152 36 
83 98 84 36 
219 156 152 36 
156 219 83 36 
98 219 40 36 
219 98 83 36 
276 164 221 222 
246 146 282 145 
123 228 85 229 
212 123 85 229 
155 123 231 229 
123 155 228 229 
130 102 244 101 
42 63 181 62 
63 42 120 62 
123 246 248 174 
63 183 181 60 
145 246 247 248 
247 132 248 249 
123 246 145 248 
131 145 132 248 
244 132 249 248 
132 130 244 249 
121 227 64 173 
130 132 244 131 
183 64 184 60 
131 123 145 248 
123 131 244 248 
123 244 214 243 
244 123 248 243 
281 245 174 172 
245 123 281 174 
123 214 100 243 
252 174 99 172 
320 196 311 110 
58 110 195 7 
98 268 100 99 
171 184 40 99 
255 250 183 251 
71 72 45 201 
41 42 74 75 
281 245 172 173 
180 61 62 60 
20 150 135 11 
181 180 62 60 
37 61 149 60 
149 61 180 60 
22 134 193 70 
63 188 118 187 
56 57 110 107 
142 291 296 274 
205 91 204 87 
531 411 532 415 
43 151 73 200 
71 199 198 22 
72 8 19 45 
71 199 201 198 
119 120 121 63 
138 126 277 232 
595 459 458 593 
42 63 120 118 
296 179 291 141 
8 134 200 201 
69 376 20 68 
485 434 551 582 
472 344 355 342 
20 315 11 372 
106 222 55 54 
296 276 129 275 
241 129 240 239 
276 129 240 163 
128 129 275 141 
18 19 150 133 
67 151 148 147 
23 109 117 196 
240 274 142 275 
276 164 241 163 
164 276 221 163 
274 240 142 273 
281 123 288 287 
129 128 275 240 
273 127 240 128 
276 129 275 240 
127 273 240 237 
129 205 207 87 
574 508 425 509 
321 11 370 372 
465 10 367 371 
164 221 222 54 
222 221 55 54 
407 528 409 527 
224 161 159 50 
326 325 10 328 
43 45 200 201 
112 264 262 224 
179 298 293 294 
284 136 271 269 
143 170 290 169 
123 169 282 288 
115 23 114 113 
158 224 161 159 
123 169 288 290 
169 143 288 290 
198 194 199 197 
123 286 167 290 
169 123 167 290 
246 146 145 247 
254 227 226 287 
174 281 172 254 
252 174 172 254 
227 255 172 254 
281 227 172 254 
252 123 174 254 
123 281 174 254 
166 165 283 285 
112 264 111 262 
123 286 290 289 
123 290 254 289 
284 166 272 137 
284 285 166 283 
165 166 283 167 
165 286 167 283 
167 123 137 283 
123 284 137 283 
123 284 283 266 
252 123 283 266 
254 252 289 251 
255 172 254 251 
123 268 269 266 
123 269 284 266 
72 8 45 201 
59 27 29 30 
252 99 216 251 
123 252 174 266 
123 174 243 266 
268 123 100 266 
100 123 243 266 
174 252 99 266 
243 174 99 266 
100 243 99 266 
268 100 99 266 
64 183 184 216 
219 98 40 216 
40 98 99 216 
184 219 40 216 
184 40 99 216 
64 184 99 216 
419 322 420 369 
193 24 116 311 
164 76 81 29 
292 177 179 141 
44 43 45 200 
180 149 60 182 
149 180 181 182 
181 180 60 182 
103 37 149 182 
149 37 60 182 
105 184 39 182 
39 184 60 182 
103 105 46 182 
37 103 46 182 
38 39 60 182 
38 105 39 182 
105 38 46 182 
37 38 60 182 
38 37 46 182 
307 59 320 30 
188 181 253 185 
45 8 200 201 
321 20 135 11 
22 193 116 70 
180 149 151 73 
188 186 118 187 
73 43 201 75 
277 139 279 140 
364 365 430 366 
485 561 531 415 
258 106 222 257 
321 20 11 372 
197 192 191 196 
18 44 45 200 
194 196 117 197 
190 110 59 107 
8 134 133 200 
199 71 201 72 
196 117 197 192 
320 110 311 58 
320 196 110 23 
296 294 179 292 
181 42 74 187 
42 41 74 187 
41 42 118 187 
42 63 118 187 
63 42 181 187 
8 72 199 201 
151 149 147 73 
17 151 147 73 
37 61 43 149 
149 43 147 73 
0 151 17 73 
0 43 151 73 
103 43 73 147 
43 103 73 0 
37 43 0 103 
44 18 151 200 
18 19 133 200 
19 18 45 200 
19 8 133 200 
8 19 45 200 
113 109 192 117 
180 42 62 75 
42 43 62 75 
149 43 73 75 
180 149 73 75 
42 180 74 75 
74 180 73 75 
61 180 62 75 
43 61 62 75 
61 149 180 75 
61 43 149 75 
311 195 194 24 
192 256 189 265 
195 22 198 24 
198 194 197 195 
196 194 195 197 
198 197 196 195 
194 116 311 193 
23 28 311 306 
195 311 194 196 
194 198 24 195 
192 191 190 189 
192 256 191 189 
190 259 108 106 
262 258 261 189 
256 262 261 189 
259 258 257 106 
343 344 355 345 
126 140 233 86 
608 497 498 609 
431 551 433 552 
279 129 140 178 
431 432 551 434 
28 27 30 26 
308 58 31 311 
308 303 310 309 
466 465 420 369 
410 394 395 396 
24 22 303 308 
315 443 11 372 
465 9 10 371 
465 420 369 371 
76 206 210 211 
206 129 210 211 
536 491 363 366 
129 279 140 277 
417 323 418 368 
351 365 326 366 
241 276 129 158 
25 9 322 310 
276 295 129 158 
27 23 113 53 
510 508 574 507 
263 223 129 158 
295 263 129 158 
11 10 370 372 
485 488 532 531 
77 50 51 27 
113 109 23 110 
210 129 242 238 
466 325 465 9 
348 324 304 323 
469 394 470 467 
324 302 304 347 
324 351 302 347 
466 465 464 420 
351 324 419 347 
263 129 280 300 
529 394 410 533 
309 71 31 308 
135 321 11 370 
466 387 327 9 
327 387 353 9 
353 387 302 9 
79 164 81 29 
115 117 23 113 
597 483 599 486 
150 134 133 135 
25 305 9 10 
321 20 19 135 
19 20 150 135 
19 150 133 135 
134 8 133 135 
8 19 133 135 
8 321 19 135 
416 472 344 355 
150 135 11 12 
420 419 369 371 
567 536 349 489 
69 68 150 12 
313 314 69 12 
20 150 11 12 
315 20 11 12 
20 69 150 12 
443 315 11 12 
313 443 11 12 
443 313 69 12 
376 69 20 12 
315 376 20 12 
443 69 376 12 
315 443 376 12 
420 465 367 371 
345 304 346 350 
431 406 552 433 
472 469 344 342 
464 419 353 420 
304 324 347 368 
387 419 302 322 
89 205 91 204 
127 236 238 90 
192 265 112 111 
536 491 349 489 
262 263 223 280 
223 263 129 280 
262 223 264 280 
223 262 264 224 
586 435 558 451 
263 301 129 300 
532 415 411 412 
129 158 235 277 
158 129 233 277 
223 129 235 277 
223 279 129 277 
138 139 277 140 
139 138 277 278 
277 139 278 279 
31 8 72 309 
536 416 567 349 
310 369 370 371 
536 491 366 349 
126 277 233 140 
304 347 350 418 
440 561 458 415 
529 528 485 533 
286 170 167 290 
416 349 502 418 
350 347 502 418 
564 490 363 489 
567 564 363 489 
536 567 363 489 
491 536 363 489 
564 566 490 489 
564 567 566 489 
76 77 82 29 
397 410 395 344 
532 485 531 415 
528 527 485 412 
485 527 408 412 
397 350 349 344 
472 469 416 344 
395 410 396 344 
322 324 323 368 
346 345 350 344 
349 416 344 418 
527 409 408 412 
413 411 532 414 
205 88 87 204 
411 413 532 412 
205 88 207 87 
205 203 88 204 
203 205 88 207 
128 127 239 90 
10 9 310 371 
116 24 115 311 
158 129 206 208 
434 432 551 582 
129 158 234 208 
140 129 233 86 
234 126 232 233 
431 551 552 434 
205 91 87 209 
234 203 88 207 
486 485 597 582 
207 129 87 86 
88 207 87 86 
202 126 234 86 
129 158 233 234 
406 431 552 408 
394 469 398 396 
129 207 206 234 
91 90 87 209 
324 419 347 368 
82 27 26 29 
160 159 50 76 
76 158 160 159 
50 77 51 76 
160 50 51 76 
158 76 160 208 
206 158 208 76 
164 276 241 76 
241 276 158 76 
276 164 222 76 
276 295 158 76 
295 276 222 76 
258 295 222 76 
239 129 90 238 
295 263 158 76 
263 295 258 76 
262 263 258 76 
158 224 159 76 
263 262 223 76 
263 223 158 76 
223 224 158 76 
223 262 224 76 
320 23 59 28 
107 57 29 54 
110 192 109 190 
59 190 107 29 
89 238 91 209 
190 107 29 106 
109 113 192 110 
59 192 190 29 
192 190 29 189 
53 50 113 27 
234 88 86 207 
59 112 192 29 
113 50 112 27 
112 192 29 265 
315 443 372 367 
324 303 302 322 
419 324 302 322 
322 466 420 369 
348 345 343 355 
303 25 302 322 
302 25 9 322 
387 302 9 322 
466 387 9 322 
10 310 370 371 
416 417 355 418 
9 25 10 310 
71 309 31 72 
22 303 308 309 
464 351 353 419 
419 353 387 302 
164 80 54 29 
416 567 349 535 
471 469 416 472 
417 416 355 471 
527 408 406 530 
127 238 239 90 
527 485 408 530 
57 80 59 29 
129 205 210 211 
434 485 551 552 
164 80 29 79 
467 485 552 534 
485 551 552 534 
349 567 410 535 
299 139 300 278 
468 467 534 535 
551 485 582 583 
485 551 534 583 
485 599 486 597 
77 50 27 29 
463 464 501 502 
324 304 323 368 
241 129 239 238 
129 205 87 209 
50 77 76 29 
467 485 534 583 
489 488 533 583 
489 567 488 583 
410 567 489 583 
410 489 533 583 
355 417 323 418 
350 349 344 418 
394 485 467 583 
485 394 533 583 
322 419 368 369 
394 410 533 583 
396 469 344 535 
410 396 344 535 
410 394 396 535 
394 469 396 535 
8 22 72 309 
463 364 366 502 
364 463 501 502 
365 463 366 502 
463 365 464 502 
351 365 366 502 
464 351 502 365 
419 351 347 502 
347 351 366 502 
347 419 502 368 
8 321 70 319 
76 78 81 29 
502 419 418 368 
350 347 366 502 
364 501 363 502 
364 363 366 502 
536 416 349 502 
500 536 363 502 
501 500 363 502 
366 536 349 502 
350 366 349 502 
363 536 366 502 
465 466 9 369 
9 466 322 369 
305 135 11 370 
305 11 10 370 
370 321 372 319 
135 305 70 370 
321 135 70 370 
305 25 70 370 
25 10 310 370 
25 305 10 370 
443 465 313 367 
443 11 372 367 
465 313 328 325 
313 465 328 367 
443 313 11 367 
11 313 328 367 
328 465 325 10 
59 7 110 58 
11 10 372 367 
10 11 328 367 
310 9 369 371 
8 22 309 319 
22 8 70 319 
70 321 370 319 
303 310 309 319 
22 303 309 319 
303 22 70 319 
25 70 370 319 
310 25 370 319 
303 25 310 319 
25 303 70 319 
308 31 309 320 
307 308 309 320 
59 7 57 110 
307 59 28 320 
320 58 311 31 
308 307 311 320 
31 308 311 320 
28 320 311 307 
59 23 113 27 
23 320 59 110 
116 196 311 23 
320 196 23 311 
320 28 311 23 
438 592 554 437 
307 28 30 26 
129 90 238 209 
422 5 379 335 
307 59 30 28 
59 23 27 28 
331 5 335 6 
23 52 53 27 
28 27 59 30 
311 110 196 195 
127 238 237 239 
90 129 87 209 
241 164 76 81 
344 398 469 396 
129 241 158 210 
206 158 76 210 
76 241 81 210 
129 158 206 210 
158 241 76 210 
59 113 112 27 
164 222 76 29 
29 107 54 106 
222 164 54 29 
222 258 76 29 
106 222 54 29 
29 190 106 189 
258 262 76 29 
106 258 222 29 
258 106 189 29 
29 192 189 265 
262 224 76 29 
262 258 189 29 
265 262 189 29 
59 112 29 27 
50 112 27 29 
159 50 76 29 
224 159 76 29 
159 224 50 29 
50 224 112 29 
224 262 112 29 
262 265 112 29 
553 391 473 516 
241 81 79 164 
234 126 233 86 
296 179 141 292 
570 572 500 571 
428 550 363 548 
57 80 29 54 
117 109 192 196 
584 452 495 494 
522 399 526 401 
82 27 29 77 
440 531 561 415 
113 109 117 23 
580 576 575 607 
608 492 604 498 
263 258 261 262 
397 350 344 346 
198 194 24 193 
240 127 239 128 
238 91 90 236 
577 540 538 539 
589 475 476 588 
524 391 389 393 
116 196 117 194 
353 419 387 420 
450 449 597 581 
190 259 106 189 
153 156 36 152 
119 120 63 118 
295 222 257 258 
549 550 363 545 
155 83 154 156 
387 419 322 420 
478 481 542 477 
592 455 437 454 
240 142 128 275 
328 465 10 367 
576 573 424 574 
475 537 424 476 
454 438 592 555 
284 166 137 283 
432 431 551 433 
336 359 474 390 
473 390 475 359 
259 258 106 189 
515 378 379 514 
59 113 192 112 
