232
0 0.043301 -0.075 
-0.075 0.043301 0 
0 -0.043301 0.075 
-0.129904 0 0.075 
-0.075 0 0.129904 
-0.1125 0.025 0.064952 
-0.064952 0.025 0.1125 
0.064952 -0.043301 0.0375 
0.0375 -0.043301 0.064952 
-0.025981 0 0.143038 
0.064952 0.025 -0.1125 
-0.0375 0.043301 0.064952 
0 0.043301 0.075 
0.075 0.043301 0 
-0 0.026667 0.123357 
0.0375 0.043301 0.064952 
-0 -0.03 0.166667 
-0.025981 -0.015 0.130981 
0.064952 0.043301 0.0375 
0.025981 -0.015 0.166667 
-0 -0.026667 0.123357 
0 0.03 0.166667 
0.025981 0.015 0.130981 
0.025981 0.015 0.166667 
0.025981 0 0.143038 
0.1125 -0.025 0.064952 
0.130981 0.015 -0.025981 
0.1125 0.025 -0.064952 
0.143038 0 -0.025981 
0.129904 0 -0.075 
0.166667 -0.03 -0 
0.123357 -0.026667 -0 
0.064952 0.043301 -0.0375 
-0.025981 -0.015 0.25 
0.064952 -0.025 0.1125 
0.129904 0 0.075 
0.25 -0.015 -0.025981 
0.166667 0.015 -0.025981 
0.166667 -0.015 -0.025981 
-0.025981 0.015 0.166667 
-0.025981 -0.015 0.166667 
0.130981 -0.015 -0.025981 
-0.025981 0.015 0.130981 
0.25 -0.03 -0 
0.166667 -0.015 0.025981 
-0 -0.03 0.25 
0.075 0 0.129904 
0.064952 0.025 0.1125 
0.25 0.03 0 
0.25 0.015 -0.025981 
-0.025981 0.015 0.25 
0.25 -0.015 0.025981 
0.25 0.015 0.025981 
0.025981 -0.015 0.25 
0.025981 0.015 0.25 
0.1125 0.025 0.064952 
0.143038 0 0.025981 
0.166667 0.015 0.025981 
0.166667 0.03 0 
0 0.03 0.25 
0.333333 -0.015 -0.025981 
0.333333 -0.03 -0 
-0.025981 0.015 0.333333 
-0.025981 -0.015 0.333333 
0.130981 -0.015 0.025981 
0.025981 -0.015 0.130981 
0.5 -0.015 -0 
0.5 -0.0075 -0.01299 
0.5 -0 0 
-0.01299 -0.0075 0.5 
-0 -0.015 0.5 
0 0 0.5 
0.130981 0.015 0.025981 
0.5 0.0075 -0.01299 
-0.01299 0.0075 0.5 
0.5 -0.0075 0.01299 
0.01299 -0.0075 0.5 
-0 -0.03 0.333333 
0.025981 -0.015 0.333333 
0.5 0.015 0 
0 0.015 0.5 
0.123357 0.026667 -0 
0.5 0.0075 0.01299 
0.01299 0.0075 0.5 
0.333333 0.03 0 
0.333333 0.015 -0.025981 
0 0.03 0.333333 
0.333333 -0.015 0.025981 
0.333333 0.015 0.025981 
0.025981 0.015 0.333333 
-0 -0.03 0.416667 
0.416667 -0.015 -0.025981 
-0.025981 0.015 0.416667 
-0.025981 -0.015 0.416667 
0.416667 -0.03 -0 
0.416667 -0.015 0.025981 
0.416667 0.03 0 
0.416667 0.015 -0.025981 
0.416667 0.015 0.025981 
0.025981 -0.015 0.416667 
0.025981 0.015 0.416667 
0 0.03 0.416667 
-0 -0.03 0.5 
0.5 0.015 -0.025981 
0.5 -0.015 -0.025981 
-0.025981 0.015 0.5 
0.025981 -0.015 0.5 
0 0.03 0.5 
0.5 -0.03 -0 
-0.025981 -0.015 0.5 
0.5 -0.015 0.025981 
0.025981 0.015 0.5 
0.5 0.03 0 
0.5 0.015 0.025981 
0.064952 -0.043301 -0.0375 
0.075 -0.043301 0 
0 0.05 0 
-0.064952 0.043301 -0.0375 
-0.1125 -0.025 0.064952 
-0.064952 -0.025 0.1125 
0.0375 0.043301 -0.064952 
-0.0375 -0.043301 0.064952 
-0.064952 -0.043301 0.0375 
0.0375 -0.043301 -0.064952 
0.1125 -0.025 -0.064952 
0.064952 -0.025 -0.1125 
-0.0375 0.043301 -0.064952 
-0 0.026667 -0.123357 
0.025981 0.015 -0.130981 
0.025981 0 -0.143038 
-0.075 -0.043301 0 
0 -0.05 0 
-0 -0.026667 -0.123357 
0.075 0 -0.129904 
0 -0.043301 -0.075 
0.025981 0.015 -0.166667 
-0.064952 -0.043301 -0.0375 
-0.064952 0.043301 0.0375 
0 0.03 -0.166667 
-0.025981 0.015 -0.166667 
-0.025981 0.015 -0.130981 
-0.0375 -0.043301 -0.064952 
0.025981 -0.015 -0.166667 
-0 -0.03 -0.166667 
-0.025981 -0.015 -0.130981 
-0.025981 0 -0.143038 
-0.075 0 -0.129904 
-0.166667 0.03 0 
-0.130981 0.015 0.025981 
-0.127583 -0.025 0.00866 
-0.25 0.015 0.025981 
-0.25 0.03 0 
-0.064952 0.025 -0.1125 
0.025981 0.015 -0.25 
-0.166667 0.015 0.025981 
0.025981 -0.015 -0.130981 
-0.143038 0 0.025981 
0 0.03 -0.25 
-0.064952 -0.025 -0.1125 
-0.129904 0 -0.075 
-0 -0.03 -0.25 
0.025981 -0.015 -0.25 
-0.166667 -0.015 0.025981 
-0.25 -0.015 0.025981 
-0.025981 0.015 -0.25 
-0.025981 -0.015 -0.166667 
-0.166667 0.015 -0.025981 
-0.25 0.015 -0.025981 
-0.114904 -0.03 -0 
-0.130981 -0.015 0.025981 
-0.123357 0.026667 -0 
-0.1125 0.025 -0.064952 
-0.130981 0.015 -0.025981 
-0.025981 -0.015 -0.25 
-0.166667 -0.015 -0.025981 
-0.166667 -0.03 -0 
-0.25 -0.015 -0.025981 
-0.25 -0.03 -0 
0.025981 -0.015 -0.333333 
0.025981 0.015 -0.333333 
-0.333333 -0.015 0.025981 
-0.333333 0.015 0.025981 
-0.130981 -0.015 -0.025981 
0 0.015 -0.5 
0.01299 0.0075 -0.5 
0 -0 -0.5 
-0.5 0.0075 0.01299 
-0.5 0.015 0 
-0.5 0 0 
-0.127583 -0.025 -0.00866 
0.01299 -0.0075 -0.5 
-0.5 -0.0075 0.01299 
-0.01299 0.0075 -0.5 
-0.5 0.0075 -0.01299 
0 0.03 -0.333333 
-0.333333 0.03 0 
-0 -0.015 -0.5 
-0.5 -0.015 -0 
-0.1125 -0.025 -0.064952 
-0.143038 0 -0.025981 
-0.01299 -0.0075 -0.5 
-0.5 -0.0075 -0.01299 
-0 -0.03 -0.333333 
-0.025981 0.015 -0.333333 
-0.025981 -0.015 -0.333333 
-0.333333 0.015 -0.025981 
-0.333333 -0.015 -0.025981 
-0.333333 -0.03 -0 
0.025981 0.015 -0.416667 
0 0.03 -0.416667 
0.025981 -0.015 -0.416667 
-0.416667 0.015 0.025981 
-0.416667 0.03 0 
-0.416667 -0.015 0.025981 
-0.025981 0.015 -0.416667 
-0.416667 0.015 -0.025981 
-0.416667 -0.015 -0.025981 
-0.025981 -0.015 -0.416667 
-0 -0.03 -0.416667 
-0.416667 -0.03 -0 
0.025981 0.015 -0.5 
0 0.03 -0.5 
-0.025981 0.015 -0.5 
0.025981 -0.015 -0.5 
-0.5 0.015 0.025981 
-0.5 0.03 0 
-0.5 -0.015 0.025981 
-0.5 0.015 -0.025981 
-0.025981 -0.015 -0.5 
-0 -0.03 -0.5 
-0.5 -0.03 -0 
-0.5 -0.015 -0.025981 

555
186 211 213 188 
18 31 64 7 
16 45 53 54 
203 217 214 194 
219 211 212 188 
176 147 167 151 
221 220 208 184 
116 122 11 137 
90 69 70 71 
202 217 204 194 
32 10 114 123 
143 132 155 129 
130 122 131 1 
18 15 116 7 
179 209 208 178 
122 5 11 137 
18 64 25 7 
100 76 83 71 
77 100 78 89 
39 50 16 21 
172 147 199 170 
228 217 200 192 
176 147 166 167 
84 88 48 43 
5 122 148 137 
77 62 101 86 
11 17 20 42 
32 31 114 26 
158 141 144 126 
116 141 126 0 
34 8 22 47 
45 77 89 86 
116 32 131 123 
10 120 127 128 
172 182 189 199 
20 42 17 9 
119 17 20 121 
216 195 219 206 
217 229 228 200 
124 10 114 27 
211 219 213 188 
127 128 155 129 
16 9 21 24 
62 63 90 93 
31 72 56 81 
20 14 9 24 
147 174 176 166 
149 156 162 169 
172 147 166 199 
119 5 6 121 
206 176 167 151 
157 202 194 153 
190 218 185 196 
62 63 77 90 
63 62 77 33 
3 156 148 169 
109 90 93 69 
147 156 148 154 
105 92 74 69 
77 78 45 89 
131 114 13 115 
206 207 176 151 
219 216 201 188 
5 3 148 169 
150 207 151 177 
34 25 47 46 
16 23 19 24 
120 32 116 123 
32 120 10 123 
53 45 89 54 
139 140 145 138 
226 186 224 211 
158 198 152 146 
157 202 153 160 
204 203 157 194 
41 124 114 26 
207 195 219 180 
114 32 26 27 
16 23 21 54 
141 158 117 126 
192 228 214 222 
36 48 30 43 
10 155 133 125 
100 77 78 99 
127 145 138 129 
131 11 121 2 
132 158 141 144 
56 72 58 81 
42 39 9 21 
51 52 88 43 
103 73 97 67 
135 143 142 129 
218 210 190 185 
7 8 34 47 
25 7 34 47 
210 184 190 185 
90 77 100 99 
135 128 138 129 
209 221 208 184 
218 210 229 190 
221 209 183 184 
216 195 206 205 
72 31 56 64 
136 116 131 141 
107 105 92 74 
131 116 7 13 
211 186 212 188 
32 131 114 13 
84 48 36 43 
170 137 168 1 
9 39 16 21 
217 203 204 194 
75 95 68 94 
95 98 68 94 
116 120 123 0 
110 75 95 113 
20 22 14 24 
216 219 212 188 
226 186 211 213 
202 218 194 178 
73 79 96 68 
98 82 75 68 
131 32 114 123 
218 229 217 200 
116 15 8 7 
76 90 70 71 
91 104 67 108 
81 18 31 72 
155 128 133 129 
116 131 8 2 
116 18 7 13 
67 66 68 94 
132 127 155 129 
127 132 144 145 
98 96 68 94 
86 45 59 54 
116 141 117 126 
219 230 213 191 
124 114 26 27 
20 42 9 14 
193 216 201 231 
228 217 192 214 
144 158 126 140 
158 126 140 152 
174 189 199 175 
122 131 11 121 
122 116 131 1 
158 117 126 152 
195 207 219 206 
219 213 188 191 
147 174 166 199 
10 32 114 27 
207 150 180 163 
219 197 230 191 
156 149 162 175 
17 6 11 121 
149 189 170 168 
20 8 22 65 
156 149 148 169 
174 147 176 177 
97 73 96 68 
218 200 185 196 
173 164 138 157 
131 141 0 134 
182 174 189 199 
170 117 168 172 
197 219 188 191 
136 116 141 117 
158 136 141 117 
116 136 131 1 
198 136 182 168 
5 148 170 137 
136 158 198 117 
122 116 1 137 
136 198 182 117 
172 159 182 199 
5 119 118 121 
202 204 157 194 
126 127 140 152 
195 216 215 205 
207 176 151 177 
143 165 144 145 
198 159 182 171 
159 172 182 171 
182 172 117 171 
198 182 117 171 
127 144 140 145 
132 143 144 145 
158 198 117 152 
117 198 171 152 
198 159 171 146 
198 171 152 146 
140 158 152 146 
144 140 145 146 
144 158 140 146 
227 193 231 215 
193 216 231 215 
15 14 22 47 
77 100 89 86 
186 187 212 188 
207 195 150 151 
92 105 109 69 
116 122 131 11 
204 203 164 157 
50 62 33 86 
219 211 213 180 
195 207 206 151 
122 5 118 121 
102 90 109 69 
186 225 224 211 
172 117 171 170 
206 167 205 151 
6 5 11 121 
102 90 69 70 
187 193 212 188 
20 11 14 2 
4 17 42 9 
62 90 92 93 
116 11 2 12 
90 76 106 99 
131 116 11 2 
197 219 201 188 
216 193 201 188 
92 109 93 69 
136 116 117 1 
156 147 148 170 
147 156 199 170 
189 172 199 170 
149 156 148 170 
156 149 199 170 
149 189 199 170 
136 130 131 1 
17 119 6 121 
3 4 119 6 
5 3 119 6 
49 85 48 36 
17 4 42 6 
4 17 119 6 
195 206 205 151 
14 42 6 11 
42 17 6 11 
202 218 217 194 
213 186 188 191 
216 195 215 212 
195 216 219 212 
225 186 187 212 
186 225 211 212 
193 225 187 212 
227 193 215 212 
193 227 225 212 
226 186 213 191 
230 226 213 191 
50 16 21 59 
204 202 157 160 
219 197 201 230 
216 201 231 230 
216 219 201 230 
149 189 168 175 
181 211 212 180 
211 219 212 180 
181 195 150 180 
195 207 150 180 
195 181 212 180 
219 195 212 180 
147 174 175 177 
193 216 215 188 
215 216 212 188 
193 215 212 188 
131 116 8 7 
150 147 154 162 
122 5 148 169 
207 150 163 177 
90 102 76 70 
147 156 154 162 
23 21 22 24 
189 149 199 175 
150 147 162 163 
11 14 2 12 
82 98 75 113 
5 122 11 121 
8 20 34 65 
89 45 86 54 
3 5 119 118 
5 3 169 118 
122 5 169 118 
198 182 189 168 
136 130 1 168 
10 124 114 125 
176 147 151 177 
182 172 189 168 
189 172 170 168 
149 148 169 168 
148 149 170 168 
182 136 117 168 
117 136 1 168 
169 122 118 168 
149 169 118 168 
130 122 1 168 
117 170 168 1 
172 182 117 168 
148 122 169 168 
1 122 137 168 
137 170 168 148 
122 148 137 168 
149 156 199 175 
147 156 162 175 
147 174 199 175 
156 147 199 175 
162 147 175 177 
147 162 163 177 
150 147 163 177 
147 150 151 177 
10 114 123 125 
26 41 28 31 
92 74 69 71 
20 121 11 2 
102 90 76 106 
20 11 42 14 
96 91 68 94 
15 8 7 47 
121 20 11 17 
84 36 61 43 
20 9 16 24 
66 75 68 94 
15 116 8 2 
40 17 9 16 
17 20 9 16 
40 39 33 16 
39 40 9 16 
25 47 46 35 
39 50 33 16 
21 14 22 24 
124 41 114 31 
112 73 79 96 
114 31 13 115 
23 16 21 24 
116 131 141 0 
45 33 86 59 
14 15 2 12 
8 20 22 2 
9 14 21 24 
52 51 30 43 
8 15 22 47 
33 50 86 59 
34 8 65 22 
87 88 61 43 
15 25 55 47 
58 56 81 28 
112 82 113 96 
65 16 19 24 
100 77 101 86 
75 98 95 113 
18 31 7 13 
66 75 94 108 
84 97 96 60 
84 85 60 36 
96 98 61 94 
76 100 99 71 
90 76 99 71 
100 90 99 71 
90 92 93 71 
93 92 69 71 
90 93 69 71 
100 107 83 111 
76 100 83 111 
76 106 99 111 
100 76 99 111 
45 78 53 89 
15 116 2 12 
143 155 142 129 
214 217 209 194 
90 62 92 101 
77 62 90 101 
77 90 100 101 
45 16 59 54 
20 16 65 24 
90 92 71 101 
100 90 71 101 
92 107 74 101 
74 107 80 101 
107 100 83 101 
107 83 80 101 
92 74 71 101 
71 74 80 101 
83 71 80 101 
83 100 71 101 
62 77 33 86 
33 77 45 86 
14 42 9 21 
50 33 16 59 
16 33 45 59 
16 21 59 54 
23 16 19 54 
19 16 53 54 
8 15 2 22 
15 14 2 22 
20 22 24 65 
22 2 20 14 
18 25 55 15 
25 72 18 55 
18 64 72 25 
25 55 47 35 
22 34 47 46 
65 22 24 46 
65 34 22 46 
25 72 55 35 
64 56 72 35 
25 64 72 35 
25 7 64 31 
173 204 164 157 
97 84 85 60 
217 218 209 194 
104 103 91 67 
123 132 0 155 
85 84 48 36 
67 66 94 108 
140 127 145 138 
88 84 61 43 
123 132 155 125 
141 132 0 134 
72 18 55 81 
138 173 157 160 
32 116 131 13 
132 143 145 129 
73 103 97 96 
82 112 79 96 
26 37 58 28 
73 112 103 96 
82 98 113 96 
103 97 91 67 
26 32 81 27 
91 67 94 108 
57 56 72 58 
124 10 27 29 
218 210 208 178 
173 164 139 138 
165 139 145 138 
143 165 145 138 
165 173 139 138 
165 143 173 138 
131 116 123 0 
7 131 13 115 
141 144 126 0 
173 204 157 160 
143 173 138 160 
128 127 138 129 
127 120 155 128 
132 127 144 0 
126 127 144 140 
127 126 144 0 
18 81 31 13 
32 31 13 114 
81 32 31 13 
18 25 15 7 
26 31 114 41 
26 124 27 29 
132 141 0 144 
132 123 0 134 
127 132 145 129 
31 72 18 64 
218 229 200 196 
97 91 67 68 
97 96 91 68 
192 221 209 183 
214 192 222 209 
222 192 221 209 
229 218 190 196 
75 110 94 108 
96 97 91 60 
98 75 95 68 
120 10 123 155 
98 95 61 94 
48 52 30 43 
209 218 208 178 
82 98 96 68 
73 97 67 68 
79 82 96 68 
26 58 81 28 
81 26 28 31 
10 120 128 155 
88 52 48 43 
123 131 0 134 
56 81 28 31 
41 26 28 29 
41 124 26 29 
32 81 31 26 
120 123 0 155 
120 127 155 0 
132 127 0 155 
210 229 190 223 
128 10 155 133 
124 10 29 125 
143 135 138 129 
145 143 138 129 
217 200 192 185 
217 218 200 185 
210 218 208 185 
210 208 184 185 
209 183 184 185 
209 192 183 185 
218 217 209 185 
218 209 208 185 
208 209 184 185 
217 192 214 185 
214 192 209 185 
217 214 209 185 
184 210 190 223 
208 210 184 223 
220 208 184 223 
218 209 194 178 
194 209 179 178 
202 194 153 178 
153 194 179 178 
60 96 61 94 
29 10 133 125 
10 123 155 125 
153 202 178 160 
153 178 161 160 
135 153 161 160 
135 157 153 160 
135 138 157 160 
135 143 138 160 
143 135 142 160 
142 135 161 160 
87 51 88 43 
15 25 47 7 
31 7 13 115 
91 96 60 94 
96 84 60 61 
44 52 51 30 
56 64 31 30 
64 56 44 30 
52 57 48 30 
57 52 44 30 
57 58 48 30 
58 37 48 30 
28 56 31 30 
41 28 31 30 
41 38 28 30 
37 38 36 30 
57 56 58 30 
56 57 44 30 
49 37 36 30 
37 49 48 30 
48 49 36 30 
58 56 28 30 
37 58 28 30 
38 37 28 30 
91 67 68 94 
75 110 95 94 
98 84 96 61 
60 84 36 61 
87 98 95 61 
98 87 88 61 
84 98 88 61 
