737
4.0099119999999999 4.0099119999999999 -1.082762
3.7513559999999999 3.7513559999999999 -0.832762
3.8849119999999999 3.8849119999999999 -1.2992680000000001
2.657645 2.657645 -0.957762
2.7599119999999999 2.7599119999999999 -1.082762
2.7599119999999999 2.7599119999999999 -1.207762
2.7599119999999999 2.7599119999999999 -1.2992680000000001
2.7599119999999999 2.7599119999999999 -1.2992680000000001
2.7599119999999999 2.7599119999999999 -1.082762
2.4687399999999999 2.4687399999999999 -0.866255
2.61307 2.61307 -0.866255
2.501093 2.501093 -0.832762
2.6620170000000001 2.6620170000000001 -1.082762
3.966011 3.966011 -1.207762
2.6293850000000001 2.6293850000000001 -1.332762
2.501093 2.501093 -1.332762
2.61307 2.61307 -1.2992680000000001
2.4450569999999998 2.4450569999999998 -0.957762
2.5334449999999999 2.5334449999999999 -0.866255
2.5571290000000002 2.5571290000000002 -0.957762
2.5657969999999999 2.5657969999999999 -1.082762
2.5571290000000002 2.5571290000000002 -1.207762
2.4687399999999999 2.4687399999999999 -1.2992680000000001
2.2943750000000001 2.2943750000000001 -1.207762
3.9992179999999999 3.9992179999999999 -1.082762
2.4450569999999998 2.4450569999999998 -1.207762
2.2943750000000001 2.2943750000000001 -0.957762
2.329393 2.329393 -0.866255
2.1974119999999999 2.1974119999999999 -0.866255
2.3772280000000001 2.3772280000000001 -0.832762
2.3681649999999999 2.3681649999999999 -0.957762
2.3849119999999999 2.3849119999999999 -1.082762
2.4600810000000002 2.4600810000000002 -1.207762
2.3681649999999999 2.3681649999999999 -1.207762
2.3772280000000001 2.3772280000000001 -1.332762
3.8752870000000001 3.8752870000000001 -0.866255
2.4250630000000002 2.4250630000000002 -1.2992680000000001
2.2815569999999998 2.2815569999999998 -1.082762
2.2599119999999999 2.2599119999999999 -0.832762
2.1511499999999999 2.1511499999999999 -0.832762
2.3224119999999999 2.3224119999999999 -0.866255
2.3033399999999999 2.3033399999999999 -1.082762
2.1511499999999999 2.1511499999999999 -1.332762
2.0750549999999999 2.0750549999999999 -1.2992680000000001
2.1974119999999999 2.1974119999999999 -1.2992680000000001
2.1349119999999999 2.1349119999999999 -1.082762
3.6050970000000002 3.6050970000000002 -0.866255
1.9989600000000001 1.9989600000000001 -1.082762
1.8997109999999999 1.8997109999999999 -0.957762
2.0750549999999999 2.0750549999999999 -0.866255
2.0528040000000001 2.0528040000000001 -0.832762
2.2272449999999999 2.2272449999999999 -0.866255
2.2829510000000002 2.2829510000000002 -0.957762
2.2829510000000002 2.2829510000000002 -1.207762
2.1411929999999999 2.1411929999999999 -1.2992680000000001
2.2272449999999999 2.2272449999999999 -1.2992680000000001
2.0528040000000001 2.0528040000000001 -1.332762
3.484356 3.484356 -1.082762
2.0193490000000001 2.0193490000000001 -1.207762
2.1383239999999999 2.1383239999999999 -0.957762
2.229581 2.229581 -1.082762
1.867389 1.867389 -1.2992680000000001
1.9644159999999999 1.9644159999999999 -1.2992680000000001
1.876028 1.876028 -1.082762
1.7947919999999999 1.7947919999999999 -0.957762
1.706386 1.706386 -0.957762
1.867389 1.867389 -0.866255
2.0657269999999999 2.0657269999999999 -0.866255
3.536702 3.536702 -1.207762
2.0813860000000002 2.0813860000000002 -1.207762
2.0021399999999998 2.0021399999999998 -1.2992680000000001
2.0657269999999999 2.0657269999999999 -1.2992680000000001
1.966558 1.966558 -1.332762
1.7947919999999999 1.7947919999999999 -1.207762
1.8360320000000001 1.8360320000000001 -0.832762
1.893886 1.893886 -0.832762
2.0360580000000001 2.0360580000000001 -0.957762
2.0813860000000002 2.0813860000000002 -0.957762
1.9515169999999999 1.9515169999999999 -1.2992680000000001
3.6274259999999998 3.6274259999999998 -1.2992680000000001
1.6360060000000001 1.6360060000000001 -1.207762
2.0354670000000001 2.0354670000000001 -1.082762
1.7939860000000001 1.7939860000000001 -1.332762
1.8360320000000001 1.8360320000000001 -1.332762
1.6732450000000001 1.6732450000000001 -0.866255
1.584857 1.584857 -0.957762
1.644536 1.644536 -0.866255
1.7939860000000001 1.7939860000000001 -0.832762
1.9147259999999999 1.9147259999999999 -0.866255
2.0031150000000002 2.0031150000000002 -1.207762
3.7513559999999999 3.7513559999999999 -1.332762
1.9147259999999999 1.9147259999999999 -1.2992680000000001
1.644536 1.644536 -1.2992680000000001
1.6732450000000001 1.6732450000000001 -1.2992680000000001
1.5525040000000001 1.5525040000000001 -1.082762
1.5538130000000001 1.5538130000000001 -0.957762
1.7599119999999999 1.7599119999999999 -0.832762
1.8923970000000001 1.8923970000000001 -0.866255
1.768467 1.768467 -0.832762
1.9831209999999999 1.9831209999999999 -0.957762
1.976418 1.976418 -0.957762
3.8465780000000001 3.8465780000000001 -1.2992680000000001
2.0163280000000001 2.0163280000000001 -1.082762
1.8849119999999999 1.8849119999999999 -1.2992680000000001
1.8923970000000001 1.8923970000000001 -1.2992680000000001
1.768467 1.768467 -1.332762
1.6349119999999999 1.6349119999999999 -1.2992680000000001
1.5206059999999999 1.5206059999999999 -1.082762
1.5206059999999999 1.5206059999999999 -1.082762
1.5434049999999999 1.5434049999999999 -0.957762
1.644536 1.644536 -0.866255
2.0099119999999999 2.0099119999999999 -1.082762
3.7599119999999999 3.7599119999999999 -0.832762
3.8752870000000001 3.8752870000000001 -1.2992680000000001
1.768467 1.768467 -1.332762
1.7599119999999999 1.7599119999999999 -1.332762
1.5434049999999999 1.5434049999999999 -1.207762
1.584857 1.584857 -0.957762
1.768467 1.768467 -0.832762
1.9831209999999999 1.9831209999999999 -0.957762
2.0163280000000001 2.0163280000000001 -1.082762
1.8923970000000001 1.8923970000000001 -1.2992680000000001
1.644536 1.644536 -1.2992680000000001
1.584857 1.584857 -1.207762
3.9673189999999998 3.9673189999999998 -1.082762
1.6732450000000001 1.6732450000000001 -0.866255
1.7939860000000001 1.7939860000000001 -0.832762
2.0354670000000001 2.0354670000000001 -1.082762
2.0031150000000002 2.0031150000000002 -1.207762
1.5525040000000001 1.5525040000000001 -1.082762
1.6773800000000001 1.6773800000000001 -1.082762
1.6360060000000001 1.6360060000000001 -0.957762
1.706386 1.706386 -0.957762
1.720547 1.720547 -0.866255
1.8360320000000001 1.8360320000000001 -0.832762
3.8838170000000001 3.8838170000000001 -0.957762
2.0360580000000001 2.0360580000000001 -1.207762
1.8360320000000001 1.8360320000000001 -1.332762
1.720547 1.720547 -1.2992680000000001
1.6360060000000001 1.6360060000000001 -1.207762
1.7947919999999999 1.7947919999999999 -0.957762
1.867389 1.867389 -0.866255
2.0021390000000001 2.0021390000000001 -0.866255
1.893886 1.893886 -0.832762
2.110392 2.110392 -1.082762
1.893886 1.893886 -1.332762
3.9349669999999999 3.9349669999999999 -0.957762
1.785633 1.785633 -1.2992680000000001
1.966558 1.966558 -0.832762
2.0657269999999999 2.0657269999999999 -0.866255
2.1648960000000002 2.1648960000000002 -1.082762
2.1383239999999999 2.1383239999999999 -1.207762
2.1411929999999999 2.1411929999999999 -1.2992680000000001
2.0657269999999999 2.0657269999999999 -1.2992680000000001
1.966558 1.966558 -1.332762
1.867389 1.867389 -1.2992680000000001
1.8997109999999999 1.8997109999999999 -0.957762
3.5167079999999999 3.5167079999999999 -0.957762
1.9644159999999999 1.9644159999999999 -0.866255
2.1511499999999999 2.1511499999999999 -0.832762
2.0528040000000001 2.0528040000000001 -0.832762
2.2272449999999999 2.2272449999999999 -0.866255
2.1411929999999999 2.1411929999999999 -0.866255
2.2058979999999999 2.2058979999999999 -1.207762
2.28295 2.28295 -1.207762
2.0528040000000001 2.0528040000000001 -1.332762
1.9644159999999999 1.9644159999999999 -1.2992680000000001
1.876028 1.876028 -1.082762
3.7992759999999999 3.7992759999999999 -1.2992680000000001
2.2599119999999999 2.2599119999999999 -0.832762
2.3224119999999999 2.3224119999999999 -0.866255
2.3224119999999999 2.3224119999999999 -1.2992680000000001
2.1511499999999999 2.1511499999999999 -1.332762
2.151659 2.151659 -0.957762
2.1974119999999999 2.1974119999999999 -0.866255
2.3772280000000001 2.3772280000000001 -0.832762
2.4250630000000002 2.4250630000000002 -0.866255
2.4600810000000002 2.4600810000000002 -0.957762
2.3849119999999999 2.3849119999999999 -1.082762
3.9349669999999999 3.9349669999999999 -1.207762
2.3772280000000001 2.3772280000000001 -1.332762
2.151659 2.151659 -1.207762
2.1974119999999999 2.1974119999999999 -1.2992680000000001
2.4450560000000001 2.4450560000000001 -0.957762
2.329393 2.329393 -0.866255
2.2943750000000001 2.2943750000000001 -0.957762
2.5334449999999999 2.5334449999999999 -0.866255
2.5571280000000001 2.5571280000000001 -0.957762
2.472899 2.472899 -1.082762
2.4600810000000002 2.4600810000000002 -1.207762
3.813437 3.813437 -0.957762
2.5334449999999999 2.5334449999999999 -1.2992680000000001
2.329393 2.329393 -1.2992680000000001
2.2815569999999998 2.2815569999999998 -1.082762
2.2943750000000001 2.2943750000000001 -1.207762
2.6130689999999999 2.6130689999999999 -0.866255
2.4687399999999999 2.4687399999999999 -0.866255
2.5010919999999999 2.5010919999999999 -0.832762
2.6293850000000001 2.6293850000000001 -1.332762
2.4687399999999999 2.4687399999999999 -1.2992680000000001
2.6130689999999999 2.6130689999999999 -1.2992680000000001
3.7992759999999999 3.7992759999999999 -0.866255
2.4450560000000001 2.4450560000000001 -1.207762
2.7599119999999999 2.7599119999999999 -0.957762
2.6011250000000001 2.6011250000000001 -0.957762
2.6293850000000001 2.6293850000000001 -0.832762
2.7599119999999999 2.7599119999999999 -1.082762
2.6620159999999999 2.6620159999999999 -1.082762
2.7599119999999999 2.7599119999999999 -1.2992680000000001
2.7599119999999999 2.7599119999999999 -0.866255
2.8904380000000001 2.8904380000000001 -0.832762
2.8741219999999998 2.8741219999999998 -0.866255
3.6837909999999998 3.6837909999999998 -0.832762
2.7599119999999999 2.7599119999999999 -0.866255
2.8578060000000001 2.8578060000000001 -1.082762
2.7599119999999999 2.7599119999999999 -1.207762
2.7599119999999999 2.7599119999999999 -1.332762
2.8904380000000001 2.8904380000000001 -1.332762
2.7599119999999999 2.7599119999999999 -1.207762
2.7599119999999999 2.7599119999999999 -1.082762
3.0834350000000001 3.0834350000000001 -1.082762
3.0187300000000001 3.0187300000000001 -0.832762
2.8621780000000001 2.8621780000000001 -0.957762
3.6274259999999998 3.6274259999999998 -0.866255
3.5683060000000002 3.5683060000000002 -0.866255
2.9540259999999998 2.9540259999999998 -1.082762
3.0187300000000001 3.0187300000000001 -1.332762
2.9067530000000001 2.9067530000000001 -1.2992680000000001
3.0747659999999999 3.0747659999999999 -0.957762
2.9626939999999999 2.9626939999999999 -0.957762
2.9863780000000002 2.9863780000000002 -0.866255
2.9626939999999999 2.9626939999999999 -1.207762
3.0510820000000001 3.0510820000000001 -1.2992680000000001
3.2599119999999999 3.2599119999999999 -0.832762
3.142595 3.142595 -0.832762
3.4528210000000001 3.4528210000000001 -1.082762
3.09476 3.09476 -0.866255
3.1516579999999998 3.1516579999999998 -0.957762
3.059742 3.059742 -0.957762
3.0469240000000002 3.0469240000000002 -1.082762
3.09476 3.09476 -1.2992680000000001
3.1974119999999999 3.1974119999999999 -1.2992680000000001
3.142595 3.142595 -1.332762
3.2254489999999998 3.2254489999999998 -1.207762
3.4447679999999998 3.4447679999999998 -0.866255
3.3224119999999999 3.3224119999999999 -0.866255
3.438437 3.438437 -1.207762
3.1974119999999999 3.1974119999999999 -0.866255
3.1349119999999999 3.1349119999999999 -1.082762
3.2599119999999999 3.2599119999999999 -1.332762
3.5004729999999999 3.5004729999999999 -1.207762
3.3849119999999999 3.3849119999999999 -1.082762
3.3681649999999999 3.3681649999999999 -1.207762
3.5208629999999999 3.5208629999999999 -1.082762
3.5004729999999999 3.5004729999999999 -0.957762
3.3686729999999998 3.3686729999999998 -0.832762
3.3139249999999998 3.3139249999999998 -0.957762
3.625937 3.625937 -1.332762
3.236872 3.236872 -1.207762
3.2164820000000001 3.2164820000000001 -1.082762
3.3139249999999998 3.3139249999999998 -1.207762
3.3786299999999998 3.3786299999999998 -1.2992680000000001
3.3686729999999998 3.3686729999999998 -1.332762
3.2925779999999998 3.2925779999999998 -1.2992680000000001
3.6201110000000001 3.6201110000000001 -1.207762
3.6201110000000001 3.6201110000000001 -0.957762
3.4670179999999999 3.4670179999999999 -0.832762
3.5532650000000001 3.5532650000000001 -0.832762
3.625937 3.625937 -0.832762
3.4540959999999998 3.4540959999999998 -0.866255
3.290241 3.290241 -1.082762
3.4670179999999999 3.4670179999999999 -1.332762
3.5554060000000001 3.5554060000000001 -1.2992680000000001
3.725031 3.725031 -1.207762
3.813437 3.813437 -0.957762
3.725031 3.725031 -0.957762
3.3814989999999998 3.3814989999999998 -0.957762
3.354927 3.354927 -1.082762
3.4540959999999998 3.4540959999999998 -1.2992680000000001
3.517684 3.517684 -0.866255
3.652434 3.652434 -1.2992680000000001
3.5532650000000001 3.5532650000000001 -1.332762
3.7341899999999999 3.7341899999999999 -0.866255
3.625937 3.625937 -0.832762
3.517684 3.517684 -0.866255
3.4094310000000001 3.4094310000000001 -1.082762
3.483765 3.483765 -1.207762
3.7341899999999999 3.7341899999999999 -1.2992680000000001
3.7992759999999999 3.7992759999999999 -1.2992680000000001
3.8838170000000001 3.8838170000000001 -1.207762
3.3814989999999998 3.3814989999999998 -0.957762
3.813437 3.813437 -1.207762
3.9147609999999999 3.9147609999999999 -1.082762
3.7258369999999998 3.7258369999999998 -0.832762
3.6837909999999998 3.6837909999999998 -0.832762
3.5683060000000002 3.5683060000000002 -0.866255
3.8465780000000001 3.8465780000000001 -1.2992680000000001
3.8465780000000001 3.8465780000000001 -0.866255
3.6274259999999998 3.6274259999999998 -0.866255
3.6050970000000002 3.6050970000000002 -0.866255
3.5167079999999999 3.5167079999999999 -0.957762
3.438437 3.438437 -0.957762
3.484356 3.484356 -1.082762
3.5167079999999999 3.5167079999999999 -1.207762
3.6050970000000002 3.6050970000000002 -1.2992680000000001
3.8752870000000001 3.8752870000000001 -1.2992680000000001
3.9349669999999999 3.9349669999999999 -1.207762
3.966011 3.966011 -1.207762
3.9673189999999998 3.9673189999999998 -1.082762
3.966011 3.966011 -0.957762
3.8752870000000001 3.8752870000000001 -0.866255
3.536702 3.536702 -0.957762
3.4094310000000001 3.4094310000000001 -1.082762
3.6274259999999998 3.6274259999999998 -1.2992680000000001
3.536702 3.536702 -1.207762
3.7513559999999999 3.7513559999999999 -1.332762
3.966011 3.966011 -0.957762
3.503495 3.503495 -1.082762
3.8465780000000001 3.8465780000000001 -0.866255
3.536702 3.536702 -0.957762
3.5167079999999999 3.5167079999999999 -1.207762
3.6050970000000002 3.6050970000000002 -1.2992680000000001
3.7258369999999998 3.7258369999999998 -0.832762
3.5532650000000001 3.5532650000000001 -1.332762
3.483765 3.483765 -0.957762
3.483765 3.483765 -1.207762
3.5683060000000002 3.5683060000000002 -1.2992680000000001
3.6837909999999998 3.6837909999999998 -1.332762
3.7258369999999998 3.7258369999999998 -1.332762
3.8838170000000001 3.8838170000000001 -1.207762
3.7341899999999999 3.7341899999999999 -0.866255
3.7341899999999999 3.7341899999999999 -1.2992680000000001
3.9147609999999999 3.9147609999999999 -1.082762
3.5532650000000001 3.5532650000000001 -0.832762
3.6349119999999999 3.6349119999999999 -0.866255
3.813437 3.813437 -1.207762
3.517684 3.517684 -1.2992680000000001
3.7516029999999998 3.7516029999999998 -1.082762
3.6437949999999999 3.6437949999999999 -1.082762
3.4670179999999999 3.4670179999999999 -0.832762
3.4540959999999998 3.4540959999999998 -0.866255
3.3786299999999998 3.3786299999999998 -1.2992680000000001
3.4540959999999998 3.4540959999999998 -1.2992680000000001
3.652434 3.652434 -1.2992680000000001
3.725031 3.725031 -1.207762
3.5004740000000001 3.5004740000000001 -0.957762
3.8424429999999998 3.8424429999999998 -1.082762
3.3686729999999998 3.3686729999999998 -0.832762
3.2925779999999998 3.2925779999999998 -0.866255
3.3786299999999998 3.3786299999999998 -0.866255
3.2164830000000002 3.2164830000000002 -1.082762
3.236872 3.236872 -1.207762
3.3681649999999999 3.3681649999999999 -0.957762
3.1516579999999998 3.1516579999999998 -1.207762
3.1974119999999999 3.1974119999999999 -1.2992680000000001
3.059742 3.059742 -0.957762
3.2254489999999998 3.2254489999999998 -1.207762
3.725031 3.725031 -0.957762
3.3849119999999999 3.3849119999999999 -1.082762
3.074767 3.074767 -0.957762
2.9626950000000001 2.9626950000000001 -0.957762
2.9626950000000001 2.9626950000000001 -1.207762
3.074767 3.074767 -1.207762
2.8741219999999998 2.8741219999999998 -0.866255
2.8621780000000001 2.8621780000000001 -0.957762
2.8621780000000001 2.8621780000000001 -1.207762
2.9067530000000001 2.9067530000000001 -1.2992680000000001
2.8904380000000001 2.8904380000000001 -0.832762
3.652434 3.652434 -0.866255
2.7599119999999999 2.7599119999999999 -0.866255
2.7599119999999999 2.7599119999999999 -1.332762
2.6293850000000001 2.6293850000000001 -0.832762
2.6457009999999999 2.6457009999999999 -0.866255
2.657645 2.657645 -1.207762
2.6457009999999999 2.6457009999999999 -1.2992680000000001
2.6011250000000001 2.6011250000000001 -1.207762
2.436388 2.436388 -1.082762
2.6011250000000001 2.6011250000000001 -0.957762
2.5334449999999999 2.5334449999999999 -1.2992680000000001
3.2902420000000001 3.2902420000000001 -1.082762
2.4600810000000002 2.4600810000000002 -0.957762
2.472899 2.472899 -1.082762
2.329393 2.329393 -1.2992680000000001
2.151659 2.151659 -0.957762
2.4250630000000002 2.4250630000000002 -0.866255
2.3224119999999999 2.3224119999999999 -1.2992680000000001
2.2599119999999999 2.2599119999999999 -1.332762
2.151659 2.151659 -1.207762
2.0193490000000001 2.0193490000000001 -0.957762
1.9644159999999999 1.9644159999999999 -0.866255
3.354927 3.354927 -1.082762
2.1411929999999999 2.1411929999999999 -0.866255
2.2058979999999999 2.2058979999999999 -0.957762
1.8997109999999999 1.8997109999999999 -1.207762
1.966558 1.966558 -0.832762
2.1648960000000002 2.1648960000000002 -1.082762
2.1383239999999999 2.1383239999999999 -1.207762
2.2058979999999999 2.2058979999999999 -1.207762
1.7682199999999999 1.7682199999999999 -1.082762
1.785633 1.785633 -0.866255
2.0021399999999998 2.0021399999999998 -0.866255
3.3139249999999998 3.3139249999999998 -1.207762
1.893886 1.893886 -1.332762
1.785633 1.785633 -1.2992680000000001
1.706386 1.706386 -1.207762
1.6773800000000001 1.6773800000000001 -1.082762
1.605062 1.605062 -1.082762
1.6360060000000001 1.6360060000000001 -0.957762
1.720547 1.720547 -0.866255
1.9515169999999999 1.9515169999999999 -0.866255
2.1103930000000002 2.1103930000000002 -1.082762
2.067002 2.067002 -1.082762
3.3814989999999998 3.3814989999999998 -1.207762
2.0360580000000001 2.0360580000000001 -1.207762
1.720547 1.720547 -1.2992680000000001
2.0031150000000002 2.0031150000000002 -0.957762
1.584857 1.584857 -1.207762
1.9831209999999999 1.9831209999999999 -1.207762
1.5538130000000001 1.5538130000000001 -1.207762
1.5099119999999999 1.5099119999999999 -1.082762
1.6349119999999999 1.6349119999999999 -0.866255
1.5538130000000001 1.5538130000000001 -0.957762
1.8923970000000001 1.8923970000000001 -0.866255
3.5554070000000002 3.5554070000000002 -1.2992680000000001
1.8849119999999999 1.8849119999999999 -0.866255
1.9831209999999999 1.9831209999999999 -1.207762
1.976418 1.976418 -1.207762
1.5538130000000001 1.5538130000000001 -1.207762
1.9147259999999999 1.9147259999999999 -0.866255
2.0031150000000002 2.0031150000000002 -0.957762
1.9147259999999999 1.9147259999999999 -1.2992680000000001
1.7939860000000001 1.7939860000000001 -1.332762
1.605062 1.605062 -1.082762
2.0360580000000001 2.0360580000000001 -0.957762
3.6201110000000001 3.6201110000000001 -0.957762
2.067002 2.067002 -1.082762
1.9515169999999999 1.9515169999999999 -1.2992680000000001
1.6732450000000001 1.6732450000000001 -1.2992680000000001
1.785633 1.785633 -0.866255
1.9515169999999999 1.9515169999999999 -0.866255
2.0813860000000002 2.0813860000000002 -1.207762
2.0021390000000001 2.0021390000000001 -1.2992680000000001
2.0813860000000002 2.0813860000000002 -0.957762
2.1383239999999999 2.1383239999999999 -0.957762
1.706386 1.706386 -1.207762
3.5434049999999999 3.5434049999999999 -0.957762
3.4447679999999998 3.4447679999999998 -0.866255
1.7947919999999999 1.7947919999999999 -1.207762
1.7682199999999999 1.7682199999999999 -1.082762
2.2058979999999999 2.2058979999999999 -0.957762
2.229581 2.229581 -1.082762
1.8997109999999999 1.8997109999999999 -1.207762
2.0193490000000001 2.0193490000000001 -0.957762
2.0750540000000002 2.0750540000000002 -0.866255
2.28295 2.28295 -0.957762
2.3033399999999999 2.3033399999999999 -1.082762
2.2272449999999999 2.2272449999999999 -1.2992680000000001
3.5554070000000002 3.5554070000000002 -0.866255
2.0750540000000002 2.0750540000000002 -1.2992680000000001
2.0193490000000001 2.0193490000000001 -1.207762
1.9989589999999999 1.9989589999999999 -1.082762
2.1349119999999999 2.1349119999999999 -1.082762
2.3681649999999999 2.3681649999999999 -0.957762
2.3681649999999999 2.3681649999999999 -1.207762
2.2599119999999999 2.2599119999999999 -1.332762
2.4250630000000002 2.4250630000000002 -1.2992680000000001
2.5571280000000001 2.5571280000000001 -1.207762
2.5010919999999999 2.5010919999999999 -1.332762
3.3139249999999998 3.3139249999999998 -0.957762
2.4363869999999999 2.4363869999999999 -1.082762
2.6457009999999999 2.6457009999999999 -0.866255
2.657645 2.657645 -0.957762
2.5657969999999999 2.5657969999999999 -1.082762
2.657645 2.657645 -1.207762
2.6457009999999999 2.6457009999999999 -1.2992680000000001
2.6011250000000001 2.6011250000000001 -1.207762
2.7599119999999999 2.7599119999999999 -0.832762
2.7599119999999999 2.7599119999999999 -1.2992680000000001
2.5967530000000001 2.5967530000000001 -1.082762
3.2925779999999998 3.2925779999999998 -1.2992680000000001
2.9067530000000001 2.9067530000000001 -0.866255
2.7599119999999999 2.7599119999999999 -0.957762
2.8621780000000001 2.8621780000000001 -1.207762
2.8741219999999998 2.8741219999999998 -1.2992680000000001
2.9186969999999999 2.9186969999999999 -1.207762
2.9186969999999999 2.9186969999999999 -0.957762
2.9863780000000002 2.9863780000000002 -1.2992680000000001
3.0747659999999999 3.0747659999999999 -1.207762
2.9230689999999999 2.9230689999999999 -1.082762
3.2382659999999999 3.2382659999999999 -1.082762
3.4670179999999999 3.4670179999999999 -1.332762
3.1904309999999998 3.1904309999999998 -0.866255
3.0510820000000001 3.0510820000000001 -0.866255
3.1904309999999998 3.1904309999999998 -1.2992680000000001
3.2254489999999998 3.2254489999999998 -0.957762
3.3681649999999999 3.3681649999999999 -0.957762
3.1516579999999998 3.1516579999999998 -1.207762
3.059742 3.059742 -1.207762
3.3224119999999999 3.3224119999999999 -1.2992680000000001
3.2925779999999998 3.2925779999999998 -0.866255
3.236872 3.236872 -0.957762
3.5004740000000001 3.5004740000000001 -1.207762
3.4447679999999998 3.4447679999999998 -1.2992680000000001
3.5554060000000001 3.5554060000000001 -0.866255
3.3786299999999998 3.3786299999999998 -0.866255
3.6437949999999999 3.6437949999999999 -1.082762
3.7516029999999998 3.7516029999999998 -1.082762
3.8424429999999998 3.8424429999999998 -1.082762
3.652434 3.652434 -0.866255
3.438437 3.438437 -0.957762
3.3814989999999998 3.3814989999999998 -1.207762
3.625937 3.625937 -1.332762
3.6201110000000001 3.6201110000000001 -1.207762
3.8838170000000001 3.8838170000000001 -0.957762
3.7992759999999999 3.7992759999999999 -0.866255
3.483765 3.483765 -0.957762
3.438437 3.438437 -1.207762
3.5683060000000002 3.5683060000000002 -1.2992680000000001
3.517684 3.517684 -1.2992680000000001
3.6837909999999998 3.6837909999999998 -1.332762
3.9349669999999999 3.9349669999999999 -0.957762
3.4528210000000001 3.4528210000000001 -1.082762
3.7258369999999998 3.7258369999999998 -1.332762
3.520864 3.520864 -1.082762
3.9992179999999999 3.9992179999999999 -1.082762
3.9764179999999998 3.9764179999999998 -0.957762
3.8849119999999999 3.8849119999999999 -0.866255
3.7513559999999999 3.7513559999999999 -0.832762
3.503495 3.503495 -1.082762
3.7599119999999999 3.7599119999999999 -1.332762
3.3166735929516968 3.3166735929516968 -1.0827607426601902
1.9266558323894489 1.9266558323894489 -1.0827632240581833
1.8109502192777174 1.8109502192777174 -1.0827616331878167
2.0991534969487571 2.0991534969487571 -1.0827647382519239
3.2599119999999999 3.2599119999999999 -0.832762
2.5644022126941186 2.5644022126941186 -1.0827641188378911
3.7599118175579531 3.7599118175579531 -1.0827649494015588
3.658707353780116 3.658707353780116 -1.0827591480881966
2.2441073623686307 2.2441073623686307 -1.1563256024342077
1.7604636930621338 1.7604636930621338 -1.0827629218150654
3.5931653491803637 3.5931653491803637 -1.0827619122634018
2.3205634676873661 2.3205634676873661 -1.082764679793395
1.7734383188156397 1.7734383188156397 -1.1088999712445242
3.6704963901135308 3.6704963901135308 -1.1563243323453452
3.2031515339610057 3.2031515339610057 -1.0827582768122277
3.236872 3.236872 -0.957762
1.9518565745273762 1.9518565745273762 -1.1098137704529083
3.7346790044521119 3.7346790044521119 -1.184250536871932
3.4236493781351172 3.4236493781351172 -1.0827618782970843
2.053977499984438 2.053977499984438 -1.0827617238080001
2.0360919034786615 2.0360919034786615 -1.047570988078611
3.3328850406609938 3.3328850406609938 -0.98568639701600924
2.437783416957068 2.437783416957068 -1.082762
3.652781085726116 3.652781085726116 -1.0242265215615793
2.1911368426560434 2.1911368426560434 -1.0085794648866568
2.07518275710486 2.07518275710486 -1.173974901062526
3.5099119999999999 3.5099119999999999 -1.082762
3.1349119999999999 3.1349119999999999 -1.082762
3.2626732311423172 3.2626732311423172 -1.1094318432652379
1.9325203959198065 1.9325203959198065 -1.1463344789767222
2.0751824905731726 2.0751824905731726 -0.99154808345749679
1.664858901734654 1.664858901734654 -1.1082313690316348
2.2958477434431015 2.2958477434431015 -1.0098307850309356
2.1859329475924381 2.1859329475924381 -1.0475697093895422
3.082041048751452 3.082041048751452 -1.0827610419902853
1.9524097849239506 1.9524097849239506 -1.0110268015279313
2.4709785964359918 2.4709785964359918 -1.1103753444180569
1.8954069858375509 1.8954069858375509 -0.98879194933619885
3.2599119999999999 3.2599119999999999 -1.332762
2.8254554161082091 2.8254554161082091 -1.0827624611019644
3.5318687506776825 3.5318687506776825 -1.0091978183082198
1.681155126405941 1.681155126405941 -1.1090524219328821
1.6640881349414745 1.6640881349414745 -1.0519744049776036
1.8911811401818148 1.8911811401818148 -1.1016885430318883
2.8254541637544297 2.8254541637544297 -1.0827604643305977
3.5337475848508966 3.5337475848508966 -0.98180074663483885
3.0397344766555632 3.0397344766555632 -1.0475714242767262
2.4290679489596538 2.4290679489596538 -0.98180182599031429
3.6589530305050295 3.6589530305050295 -1.0557095256816396
3.3686729999999998 3.3686729999999998 -1.332762
2.1414547826730566 2.1414547826730566 -1.0064408393569602
1.8320013097947434 1.8320013097947434 -1.0106711119960463
3.058344433918323 3.058344433918323 -1.1563223854538911
2.9694443756618134 2.9694443756618134 -1.1544965804298484
3.7602261976601659 3.7602261976601659 -1.148926813786495
3.4306368840289085 3.4306368840289085 -1.0533419327723734
3.3564800575472837 3.3564800575472837 -1.1799099407146456
1.7965279107182746 1.7965279107182746 -1.163611955276517
3.556791408891955 3.556791408891955 -1.0982064621020902
1.9034846724790726 1.9034846724790726 -1.1776993844581429
3.3224119999999999 3.3224119999999999 -1.2992680000000001
2.8231200649012824 2.8231200649012824 -1.2157418795007582
2.5503778262481989 2.5503778262481989 -1.1544967799273369
2.3319447162203075 2.3319447162203075 -1.2113439873344638
3.1449372058564946 3.1449372058564946 -1.0498377060261763
3.5631549900279187 3.5631549900279187 -1.1102792697113704
2.7004412796202106 2.7004412796202106 -1.1753995301730438
1.8891283755997166 1.8891283755997166 -1.04361217740809
3.6973257042417238 3.6973257042417238 -1.0067188817225519
2.1073558663485108 2.1073558663485108 -1.1186444151698618
3.4739987513786517 3.4739987513786517 -1.0745693133145218
3.4447679999999998 3.4447679999999998 -1.2992680000000001
1.927624162538766 1.927624162538766 -0.99259741986507033
1.9158468167321288 1.9158468167321288 -1.0531431386928556
2.8168472341769113 2.8168472341769113 -1.0475708640996901
3.7396225479071226 3.7396225479071226 -1.0611420709765245
2.2450860115630435 2.2450860115630435 -1.1580844054336374
3.6338419197033232 3.6338419197033232 -1.1530010436467724
1.8582169651548144 1.8582169651548144 -1.1810665390842801
2.5832847393952969 2.5832847393952969 -0.9861809316930924
3.4146366965309087 3.4146366965309087 -1.0476512418209529
2.6991897421000424 2.6991897421000424 -1.1563247805974981
3.3681649999999999 3.3681649999999999 -1.207762
3.1873562572282239 3.1873562572282239 -0.94978090281715633
2.1037730723751169 2.1037730723751169 -1.1509670273478665
1.7559695823494841 1.7559695823494841 -1.1014510179223784
2.9694448537800144 2.9694448537800144 -1.0110265065060189
3.7100974921162515 3.7100974921162515 -0.95858676447575131
3.807394255537925 3.807394255537925 -1.1103375947382674
2.5713690485560692 2.5713690485560692 -1.2157426312527917
1.9026016511400892 1.9026016511400892 -0.98618038112167139
3.325379195116406 3.325379195116406 -1.0689990449704512
3.5727236639135738 3.5727236639135738 -1.0443186345967888
3.2382659999999999 3.2382659999999999 -1.082762
3.3781324934061336 3.3781324934061336 -1.1530979238420691
3.6054080637140982 3.6054080637140982 -1.0453064299361536
3.3334821427571182 3.3334821427571182 -1.1954305727431613
3.5391206717053598 3.5391206717053598 -1.1160387697835681
3.7242793200205666 3.7242793200205666 -1.215742913639011
2.261660184938223 2.261660184938223 -0.97767037244779387
3.6041032425188595 3.6041032425188595 -1.1817592565599964
2.5696249878080271 2.5696249878080271 -0.98307830733113399
2.9742616122968633 2.9742616122968633 -1.014351659522714
3.0705630209165085 3.0705630209165085 -1.2157408560935692
3.2254489999999998 3.2254489999999998 -0.957762
2.9292394047597528 2.9292394047597528 -1.1186438627124624
2.6851353197090475 2.6851353197090475 -1.0572450871180714
3.2265393725127574 3.2265393725127574 -1.1658218587677343
3.8212028533056648 3.8212028533056648 -1.0055283805739095
3.6120253413596006 3.6120253413596006 -1.1160379713749269
3.2531218109100886 3.2531218109100886 -1.1483179706556916
3.8589257959650745 3.8589257959650745 -1.1092923368004335
2.0486233168236838 2.0486233168236838 -1.1219827255466892
1.9111555865194547 1.9111555865194547 -1.105410628759117
3.2500487955888766 3.2500487955888766 -1.008012853567237
3.3224119999999999 3.3224119999999999 -0.866255
3.5028980146951474 3.5028980146951474 -1.1870237437456352
2.9300011987778039 2.9300011987778039 -1.1206260165868194
3.593357343747615 3.593357343747615 -1.1430150270638115
2.3755125676973199 2.3755125676973199 -1.0471926652371131
3.6622269411215291 3.6622269411215291 -0.99987939768968315
2.2704774081376247 2.2704774081376247 -1.1106884213245756
3.46623626649213 3.46623626649213 -1.0105056897852605
3.8365655497321272 3.8365655497321272 -1.1084706207053889
2.3324670969064307 2.3324670969064307 -0.94978042904903592
2.5923174432772411 2.5923174432772411 -1.0992189848517515
3.1974119999999999 3.1974119999999999 -0.866255
2.4800897264501005 2.4800897264501005 -1.1179533024698476
1.9865179621759772 1.9865179621759772 -1.18153247029618
1.7471362409319828 1.7471362409319828 -0.96928647685502256
2.6936522371370071 2.6936522371370071 -0.98372522985759581
3.1134640227834014 3.1134640227834014 -1.0566233619842063
3.6266836132972053 3.6266836132972053 -1.2157403441973285
3.1600449248790761 3.1600449248790761 -0.98551227883508064
2.1725836988894898 2.1725836988894898 -1.1716369460269147
3.1873570203052157 3.1873570203052157 -1.2157391659270926
2.1819933671420313 2.1819933671420313 -1.0590106829672601
3.5434049999999999 3.5434049999999999 -1.207762
3.1516579999999998 3.1516579999999998 -0.957762
1.7955447624943075 1.7955447624943075 -1.2157461551856585
3.5634746451536814 3.5634746451536814 -0.94978243919363492
2.8181713479040571 2.8181713479040571 -1.1716384250288627
2.3789731893220192 2.3789731893220192 -1.045101481692033
3.3736671021942275 3.3736671021942275 -0.98690119526083153
2.9354554838528899 2.9354554838528899 -0.98992930842745852
2.8165771712833449 2.8165771712833449 -1.046469884475451
1.9131965278420369 1.9131965278420369 -1.1797385718873228
1.9555535135046476 1.9555535135046476 -1.2121844758731897
3.6269811526722346 3.6269811526722346 -1.1183806702751471
3.1904309999999998 3.1904309999999998 -1.2992680000000001
3.5990641958037997 3.5990641958037997 -1.1132396542732186
3.2592197989851397 3.2592197989851397 -0.97956960177376018
1.8798014993488639 1.8798014993488639 -0.97819304485636838
2.0797326382156229 2.0797326382156229 -0.985511618552119
2.3324671391491814 2.3324671391491814 -1.2157464203542245
2.4166574445003461 2.4166574445003461 -1.1549127234020313
3.0437943290752516 3.0437943290752516 -1.0060672011688878
1.9563478677210533 1.9563478677210533 -1.215741791349773
3.637266078173365 3.637266078173365 -0.99055387587187393
3.626682288130251 3.626682288130251 -0.9497806471531457
3.0510830000000002 3.0510830000000002 -0.866255
2.9718090246700886 2.9718090246700886 -1.1665870525353266
2.7096388589550693 2.7096388589550693 -1.1104226810620683
1.9075922002128458 1.9075922002128458 -1.1183576167755069
2.5910027414708345 2.5910027414708345 -1.0538876184683823
3.6633313306399704 3.6633313306399704 -0.98618138689305823
3.2466536438589992 3.2466536438589992 -1.0231740380147167
2.1557485053169949 2.1557485053169949 -1.1653167449698572
2.7002524018341636 2.7002524018341636 -0.98637349345451186
3.3971269775610415 3.3971269775610415 -0.94977866247163878
2.823120029879123 2.823120029879123 -0.9497826202164027
3.1904309999999998 3.1904309999999998 -0.866255
3.6570833245891032 3.6570833245891032 -1.1855892921705196
3.5665538526389517 3.5665538526389517 -0.98023006141843849
3.4866633148746962 3.4866633148746962 -1.215021518498183
3.4762100808844458 3.4762100808844458 -1.1668135826839756
3.4996159490096646 3.4996159490096646 -1.1651257154286798
3.1551910433337018 3.1551910433337018 -1.1909614368158659
2.4689711648488739 2.4689711648488739 -0.98594204522235507
3.142595 3.142595 -0.832762
3.09476 3.09476 -0.866255
3.0469240000000002 3.0469240000000002 -1.082762
3.059742 3.059742 -1.207762
3.142595 3.142595 -1.332762
3.09476 3.09476 -1.2992680000000001
3.6349119999999999 3.6349119999999999 -1.2992680000000001
3.0834350000000001 3.0834350000000001 -1.082762
3.0187309999999998 3.0187309999999998 -0.832762
2.9863780000000002 2.9863780000000002 -0.866255
2.9540259999999998 2.9540259999999998 -1.082762
2.9863780000000002 2.9863780000000002 -1.2992680000000001
2.8904380000000001 2.8904380000000001 -1.332762
3.0187309999999998 3.0187309999999998 -1.332762
3.0510830000000002 3.0510830000000002 -1.2992680000000001
2.9186969999999999 2.9186969999999999 -0.957762
2.7599119999999999 2.7599119999999999 -0.957762
3.9764179999999998 3.9764179999999998 -1.207762
2.9067530000000001 2.9067530000000001 -0.866255
2.7599119999999999 2.7599119999999999 -0.957762
2.8578060000000001 2.8578060000000001 -1.082762
2.8741219999999998 2.8741219999999998 -1.2992680000000001
2.9186969999999999 2.9186969999999999 -1.207762
2.7599119999999999 2.7599119999999999 -1.207762
2.9230689999999999 2.9230689999999999 -1.082762
2.5967539999999998 2.5967539999999998 -1.082762
2.7599119999999999 2.7599119999999999 -0.832762
2.7599119999999999 2.7599119999999999 -0.866255

2481

52 412 648 704
204 584 477 185
397 33 25 695
543 540 589 694
474 191 482 646
645 391 659 663
618 272 263 265
200 208 492 612
456 455 152 638
207 481 700 722
425 430 429 729
213 207 722 481
324 544 327 595
344 554 585 710
427 93 630 670
629 578 657 722
624 619 674 730
60 414 416 675
335 334 626 662
392 663 32 391
466 166 165 609
178 187 177 712
451 605 638 713
469 168 468 594
318 319 308 595
591 588 597 687
303 539 297 694
308 328 595 711
368 362 597 654
192 180 627 678
173 169 601 707
612 584 692 722
542 622 694 698
233 234 599 677
399 611 648 704
65 66 419 672
580 608 647 689
184 183 175 613
199 474 482 646
40 408 666 684
383 13 385 673
446 583 632 726
469 594 601 641
508 514 507 683
151 451 638 713
293 528 302 615
621 199 636 646
500 248 238 614
312 305 304 716
557 355 562 731
585 352 643 701
582 28 27 719
637 582 659 719
28 385 29 637
192 201 191 646
167 467 609 641
1 389 385 673
387 384 16 674
96 95 94 610
649 524 656 689
134 444 440 703
5 6 619 709
536 301 622 623
277 279 649 656
29 28 637 719
620 139 685 726
596 124 604 736
490 220 590 629
606 81 653 705
337 553 592 710
619 5 709 724
642 285 649 689
390 30 659 719
581 378 654 687
224 240 239 593
495 491 496 590
367 573 654 724
648 47 732 734
556 585 345 346
401 408 40 684
63 61 64 576
581 619 709 724
418 422 75 617
58 69 696 725
617 606 669 670
85 103 93 630
586 271 714 715
99 610 90 729
29 14 30 637
589 600 633 711
611 582 684 719
373 10 575 664
321 311 633 711
316 322 314 698
389 29 385 637
309 541 298 694
404 37 36 611
82 75 422 617
445 446 583 632
388 624 645 674
338 552 339 616
522 642 647 689
317 542 537 694
278 280 656 715
423 83 76 617
99 89 610 671
169 470 601 707
166 458 577 609
291 299 642 681
322 316 542 698
163 149 153 691
516 517 252 714
395 41 40 582
4 5 619 724
486 207 700 722
436 631 112 671
324 539 544 589
431 435 103 635
431 112 110 635
44 52 36 648
667 438 107 671
180 172 627 707
607 164 577 457
117 435 439 635
602 599 614 677
20 9 11 676
675 576 696 725
455 161 160 717
104 112 431 635
597 368 654 661
130 129 446 632
480 479 185 636
102 109 101 635
179 180 678 707
587 590 614 708
171 179 678 707
18 20 624 676
102 103 434 635
566 565 559 634
399 34 611 684
566 564 565 634
39 405 406 732
672 61 675 735
413 59 704 725
204 479 211 692
628 407 666 732
104 431 630 635
74 75 82 617
147 149 691 697
218 493 587 640
474 646 190 678
590 587 614 640
60 413 675 725
5 367 379 724
567 376 643 687
24 31 390 659
264 263 618 275
437 113 121 596
459 151 168 594
39 406 666 732
405 54 660 732
622 589 694 698
225 602 614 640
564 563 565 634
356 568 355 634
342 333 626 680
585 559 634 643
197 477 584 603
222 209 223 578
382 373 575 664
63 61 576 672
564 356 563 634
225 231 602 640
355 563 356 634
218 493 217 587
366 597 654 687
121 131 437 596
222 221 578 587
566 559 591 634
133 579 620 665
37 390 38 663
594 151 638 713
133 450 143 605
408 628 666 684
441 440 690 703
471 173 601 652
606 424 669 720
454 168 151 594
322 547 662 698
260 519 714 715
504 248 593 651
334 343 342 662
598 593 602 699
343 323 336 592
565 585 634 680
294 301 533 623
362 573 366 654
538 537 534 623
42 43 628 684
564 566 591 634
559 565 585 634
557 348 355 639
107 432 667 671
92 91 426 706
215 223 488 587
519 278 656 715
332 625 626 680
100 430 91 727
90 98 99 729
509 246 599 644
388 391 387 645
185 584 621 636
588 597 661 682
203 196 478 612
435 111 439 631
625 332 626 658
244 507 243 699
606 672 696 735
394 393 645 655
327 319 318 595
624 637 645 674
669 424 71 87
371 372 588 682
455 160 454 594
592 551 327 337
280 580 656 715
325 539 324 589
386 6 384 619
393 400 392 695
639 557 701 731
549 548 320 711
76 77 423 617
117 109 434 723
596 442 632 685
144 133 132 665
142 143 449 620
583 604 685 726
564 356 634 682
552 340 616 625
437 438 113 631
153 163 691 717
245 508 503 699
17 7 8 730
111 112 118 631
439 596 632 690
129 118 442 596
210 204 211 692
324 326 323 662
391 32 38 663
186 187 178 712
110 111 435 631
164 154 452 691
437 131 119 596
622 546 633 698
74 606 679 696
97 438 437 631
127 441 116 690
176 477 603 621
201 193 603 646
407 39 666 732
118 436 120 631
335 330 600 626
600 321 633 711
461 577 601 717
206 205 636 722
399 43 34 684
338 552 616 728
377 366 378 687
264 263 265 618
323 325 324 662
184 183 613 195
641 171 678 707
30 35 29 719
34 43 396 684
47 46 648 732
151 594 159 713
533 623 681 702
442 138 632 685
380 588 664 709
391 31 659 663
157 463 156 577
666 400 695 734
244 241 242 598
352 353 643 701
632 127 690 703
120 436 437 631
690 115 723 736
112 111 110 631
418 70 60 696
462 461 577 652
97 437 436 631
374 365 591 687
139 447 685 726
7 17 16 730
102 92 427 706
563 565 634 639
177 613 652 712
420 65 576 672
140 155 150 579
137 149 136 579
10 575 664 676
641 469 171 707
219 578 692 657
423 83 617 670
474 191 646 192
232 498 602 640
650 309 668 694
1 3 14 718
516 644 651 714
589 542 694 698
58 74 679 696
439 435 631 635
555 344 554 585
143 449 579 607
288 298 541 668
253 252 644 516
38 390 31 663
114 108 667 736
153 164 577 691
113 106 596 667
493 225 614 640
582 25 397 395
420 66 672 679
183 613 473 652
164 155 457 607
521 527 693 290
588 581 654 687
631 596 690 723
625 558 639 680
379 367 661 724
546 313 622 633
419 66 606 672
301 314 536 622
76 77 617 735
82 606 617 705
634 585 639 680
205 479 636 657
393 33 400 695
160 468 594 601
419 63 672 71
593 242 598 602
191 482 646 700
447 139 140 726
172 169 173 707
194 193 181 603
604 132 620 665
422 418 76 617
547 589 662 698
244 231 232 602
312 311 310 650
505 240 506 593
236 495 496 677
265 272 586 618
352 339 353 701
43 399 628 684
22 28 582 655
637 624 645 655
619 624 676 730
365 359 374 591
542 317 589 694
588 373 569 382
109 635 723 727
82 422 426 705
616 592 625 680
123 122 604 685
354 557 364 731
592 551 616 728
549 548 711 728
14 30 637 659
415 57 409 576
328 551 318 728
299 300 304 681
292 649 286 702
606 672 679 696
328 595 711 728
549 331 341 658
499 230 222 587
113 596 631 667
83 617 670 705
492 209 222 578
427 92 670 706
367 5 4 724
370 574 379 661
622 589 633 716
179 469 470 707
591 564 634 682
234 236 599 677
31 24 15 659
72 429 90 653
403 43 399 628
296 281 535 615
592 600 626 662
566 357 358 591
438 97 89 671
443 123 604 685
432 433 667 727
389 14 29 637
393 645 655 695
201 191 646 700
238 248 599 614
248 237 238 599
582 28 637 655
477 176 187 621
357 350 344 585
348 347 625 639
583 604 620 665
200 201 194 700
402 628 686 733
350 344 585 710
235 236 237 599
3 24 14 718
649 615 693 721
608 618 647 683
85 428 630 720
328 318 595 728
5 379 709 724
584 194 208 202
263 275 580 618
417 414 53 675
342 335 334 626
237 247 235 599
555 360 344 585
185 187 186 621
422 92 426 705
440 690 116 441
535 303 623 668
43 403 51 628
51 42 43 628
569 588 591 687
380 372 569 588
357 559 351 680
244 242 231 602
588 597 654 661
365 569 358 591
475 183 613 473
550 343 334 662
207 191 201 700
238 237 230 708
109 91 101 727
496 221 229 708
98 433 432 727
128 127 632 703
374 570 375 687
40 397 582 666
408 48 407 628
298 541 668 694
65 63 576 672
66 67 606 679
209 214 488 578
160 169 470 601
439 129 130 632
69 70 696 725
477 584 603 621
357 350 585 680
6 381 7 709
150 452 154 579
126 127 128 703
585 616 625 680
131 443 139 685
210 478 198 692
48 39 732 54
597 370 661 682
592 658 711 728
373 581 664 687
556 585 616 701
610 653 670 720
624 394 645 655
42 51 49 628
296 538 534 721
209 492 483 612
339 340 354 701
353 339 354 701
291 531 284 642
251 258 257 683
71 78 61 672
136 137 579 726
268 515 269 683
502 508 507 699
337 553 326 592
592 318 551 728
518 608 656 689
582 611 666 734
515 259 644 683
200 208 612 700
2 619 673 676
352 585 556 701
460 461 471 601
345 555 585 643
381 574 661 709
359 365 358 591
317 537 539 694
334 335 315 662
241 250 255 598
161 460 169 601
51 49 628 686
534 302 615 623
592 342 662 626
628 403 686 704
528 295 615 721
323 326 592 662
157 463 577 652
174 177 613 652
13 571 572 673
92 423 427 670
389 14 637 718
377 378 581 687
351 350 357 680
158 141 607 156
42 402 401 628
28 582 27 22
177 187 613 712
9 20 10 676
421 88 80 653
315 322 334 662
162 455 638 717
345 555 346 585
343 350 342 680
456 146 147 697
82 606 74 617
221 222 229 587
591 597 634 643
267 522 647 689
319 308 595 650
577 601 609 652
521 527 283 693
473 475 182 627
600 315 662 698
318 592 595 728
236 237 599 708
25 393 655 695
598 251 250 688
77 423 617 669
589 540 319 650
498 502 244 602
477 478 197 584
599 593 644 699
76 617 696 735
270 518 608 656
320 310 311 650
146 135 583 697
175 174 613 652
645 392 663 695
81 72 606 653
330 545 315 600
453 159 594 713
580 647 649 689
630 610 670 720
368 363 364 597
254 255 586 598
610 104 630 671
603 475 613 627
126 125 440 703
615 642 681 702
121 443 131 685
31 390 659 663
279 649 656 721
340 339 616 701
107 108 106 667
323 547 325 662
226 497 640 657
586 513 598 651
274 282 580 693
592 616 625 728
439 111 596 631
479 204 636 692
387 388 645 674
549 341 329 658
47 406 732 734
529 580 282 721
297 537 538 623
482 636 646 700
138 137 446 726
435 110 631 635
184 477 197 603
559 357 591 643
590 578 640 657
389 637 673 718
385 389 637 673
280 529 526 580
303 538 535 623
579 133 605 665
264 586 255 688
483 202 476 584
102 427 630 706
630 84 669 670
644 253 516 651
70 59 60 725
182 475 181 627
579 583 697 726
526 279 580 721
380 371 372 588
339 556 616 701
581 588 654 661
421 80 606 653
33 393 25 695
571 0 581 676
382 380 569 588
499 230 587 614
194 475 202 603
475 194 181 603
102 630 635 706
481 636 700 722
550 323 592 662
221 492 222 578
236 599 677 708
585 639 701 731
476 195 184 603
204 584 636 692
546 545 633 698
446 136 583 726
181 193 182 627
470 469 601 707
403 51 628 686
545 600 633 698
636 584 646 700
172 182 193 627
531 522 642 647
577 453 594 713
275 274 580 647
586 598 644 651
413 44 660 704
24 15 659 718
169 172 180 707
593 598 644 699
322 550 334 662
471 462 170 652
34 29 35 719
663 392 32 695
276 275 618 647
419 66 424 606
568 370 597 682
397 582 666 695
443 604 620 685
558 348 625 639
331 321 600 711
628 48 732 733
642 647 649 693
92 83 670 705
336 343 592 710
242 241 506 598
61 63 71 672
333 332 626 680
136 148 583 697
331 600 658 711
350 336 710 343
490 485 657 489
347 552 329 625
478 203 612 692
642 299 668 681
118 120 596 631
604 444 703 736
565 634 639 680
127 439 130 690
257 258 647 683
73 74 606 679
524 525 649 656
536 314 546 622
593 599 602 699
514 243 507 598
223 215 499 587
455 160 594 717
57 65 55 576
193 180 172 627
634 585 643 731
452 607 579 155
299 304 668 681
186 178 188 712
610 99 90 89
152 456 638 697
592 625 626 658
583 128 632 703
495 228 590 677
34 28 29 719
314 545 546 698
350 351 342 680
431 103 630 635
309 310 650 716
638 577 691 717
82 81 606 705
461 163 153 717
550 547 323 662
335 342 333 626
218 217 216 587
133 144 605 665
187 185 477 621
589 595 600 711
378 573 581 654
333 342 351 680
124 444 604 736
95 104 610 671
271 260 714 715
64 65 63 576
346 555 554 585
292 284 649 702
54 660 732 733
373 588 569 687
450 133 144 605
631 635 667 723
160 161 601 717
403 50 51 686
599 238 614 708
30 37 35 719
322 547 550 662
447 137 138 726
230 237 229 708
581 2 619 724
616 552 625 728
483 476 196 584
355 563 634 639
508 245 246 699
149 137 154 579
487 200 612 700
198 478 584 692
637 582 645 659
124 123 122 604
452 150 155 579
623 615 681 702
570 567 377 687
498 233 602 677
496 495 590 677
275 580 618 647
351 349 333 680
80 606 653 720
396 27 28 719
535 530 541 668
553 554 344 710
306 533 536 681
596 439 632 111
301 307 622 623
505 593 598 651
314 315 545 698
1 385 13 673
140 150 447 726
432 433 108 667
326 327 592 595
48 39 407 732
219 211 657 692
238 230 614 708
124 123 604 132
648 628 660 704
133 143 579 605
687 569 373 365
74 75 617 696
549 311 321 711
556 339 352 701
140 139 443 620
17 624 674 730
399 412 403 704
482 481 636 700
280 529 580 520
144 145 605 665
219 210 211 692
259 514 508 683
365 375 373 687
558 333 349 680
366 560 561 643
69 411 59 725
145 134 125 665
354 353 701 731
220 495 228 590
567 366 597 643
386 384 24 718
485 205 212 722
568 355 634 731
233 599 602 677
415 420 576 679
240 506 593 598
548 328 320 711
32 663 695 734
456 135 146 697
593 247 599 651
559 591 634 643
595 589 650 711
308 595 650 711
210 198 204 692
109 91 727 100
134 132 604 665
44 413 52 704
567 366 377 687
263 529 520 580
267 258 608 647
669 78 672 735
306 536 622 681
625 585 639 701
138 119 447 685
590 497 640 677
126 441 127 703
211 484 657 692
383 571 673 676
364 562 597 731
604 134 665 703
349 351 565 680
583 579 605 665
84 86 630 669
531 289 290 642
163 162 149 691
613 187 621 712
135 451 145 605
281 282 693 721
589 622 633 698
614 590 640 708
432 667 671 727
611 628 666 734
91 706 101 727
582 637 645 655
15 387 659 674
390 659 663 719
303 297 623 694
255 586 265 254
450 143 605 713
597 634 643 731
574 379 661 709
553 337 346 710
294 293 615 702
564 371 682 372
222 230 229 587
222 223 499 587
294 302 307 623
254 505 598 651
596 632 690 703
66 80 424 606
417 416 675 735
228 497 590 677
361 376 591 643
349 565 639 680
8 575 18 730
396 28 34 719
298 289 305 668
255 506 241 598
321 331 549 711
547 589 317 325
299 289 642 668
542 316 622 698
128 127 445 632
218 216 578 587
0 11 9 676
577 594 601 717
637 659 674 718
2 572 581 676
135 152 605 697
261 513 586 651
243 514 251 598
216 215 488 587
315 322 662 698
305 298 668 716
316 314 622 698
271 280 715 273
594 577 638 717
369 367 368 661
300 306 622 681
603 193 627 646
606 82 74 81
9 10 581 676
388 17 18 624
67 73 606 679
152 451 605 638
323 343 550 592
582 666 695 734
505 239 593 651
72 81 429 653
115 690 440 736
18 17 8 730
4 3 1 619
151 451 152 638
451 151 450 713
474 190 179 678
397 582 395 40
507 508 683 699
189 480 621 636
564 371 356 682
341 332 348 625
329 341 348 625
58 68 576 679
630 610 635 706
467 165 166 609
612 629 700 722
90 610 89 88
598 507 683 699
504 249 593 614
431 103 85 630
126 128 583 703
391 38 31 663
396 34 684 719
184 197 476 603
418 76 617 696
667 635 671 727
143 142 133 620
386 5 6 619
347 329 348 625
584 621 636 646
635 667 723 727
312 633 650 716
20 19 18 624
271 280 278 715
116 115 109 723
584 603 621 646
576 57 686 733
402 628 49 686
312 300 313 716
245 503 234 599
517 270 608 656
463 462 577 652
12 383 673 676
581 588 661 709
450 159 143 713
247 248 593 599
475 195 476 603
8 380 382 664
18 394 388 624
616 585 625 701
531 285 284 642
499 500 230 614
577 153 691 717
431 85 428 630
12 26 11 624
599 503 602 699
592 595 600 662
186 189 480 621
76 60 77 735
448 443 142 620
575 664 676 730
298 309 668 716
600 589 633 698
580 263 618 715
339 552 340 616
376 591 643 687
46 405 660 732
445 146 128 583
632 138 446 726
448 142 449 620
636 205 657 722
15 384 674 718
32 406 47 734
12 23 21 673
573 581 654 724
433 114 667 723
430 425 706 729
55 64 56 733
140 443 448 620
190 199 621 646
587 217 614 640
384 6 16 730
450 151 159 713
310 298 305 716
166 459 467 609
38 45 611 734
442 118 119 596
271 586 261 273
7 16 6 730
328 308 320 711
210 203 478 692
447 150 137 726
136 579 697 726
310 309 298 716
604 620 685 726
52 413 59 704
115 114 723 736
57 415 420 576
71 606 669 672
321 545 600 633
12 26 624 21
408 402 628 401
408 48 628 56
312 304 300 716
493 217 587 640
1 13 2 673
559 357 585 680
64 55 576 733
413 44 46 660
20 11 19 624
72 421 606 653
438 113 631 667
546 545 313 633
404 399 648 704
104 95 112 671
18 19 394 624
586 262 651 714
610 635 706 727
540 303 541 694
186 188 621 712
582 27 684 719
406 32 400 734
668 650 694 716
519 277 270 656
19 11 26 624
608 517 656 714
155 164 452 607
262 516 651 714
310 308 309 650
37 404 35 611
357 358 591 643
428 87 94 720
132 133 620 665
308 319 540 650
155 156 457 607
89 96 88 610
544 324 589 595
32 38 663 734
653 610 705 729
433 115 114 723
135 145 125 665
572 2 673 676
611 582 663 734
660 628 686 704
497 489 590 657
144 132 134 665
249 239 593 614
592 625 658 728
565 559 585 680
212 629 657 722
115 433 100 723
405 47 406 732
131 119 596 685
636 584 700 722
117 635 690 723
72 88 421 653
294 533 286 702
248 247 593 651
196 214 209 612
22 41 582 27
192 193 201 646
473 170 464 652
8 7 709 730
1 2 619 673
307 316 301 622
610 104 94 630
606 617 669 735
552 329 625 728
75 418 617 696
432 107 98 671
628 611 648 734
413 60 59 725
578 219 692 218
624 12 673 676
576 660 704 725
53 54 62 660
214 196 203 612
262 261 586 651
514 251 598 683
487 221 486 629
588 380 381 709
360 357 585 643
213 491 220 629
35 399 34 611
330 332 341 658
581 588 664 687
100 109 115 723
586 608 618 715
147 455 456 638
415 66 420 679
641 627 652 707
244 598 602 699
586 618 683 688
291 306 681 532
579 638 691 697
395 41 582 398
503 498 233 602
475 195 603 613
19 394 624 655
412 52 411 704
378 581 2 572
59 70 69 725
123 443 604 620
384 386 619 718
274 580 647 693
299 531 291 642
151 454 594 638
173 601 652 707
584 636 692 722
219 226 227 640
417 62 61 675
178 177 641 712
491 221 590 629
115 116 690 723
0 11 676 12
123 604 132 620
142 443 123 620
181 475 603 627
90 610 653 729
304 305 668 716
515 509 252 644
624 18 676 730
675 696 60 725
155 448 141 620
147 162 638 691
272 520 273 715
579 143 607 713
144 145 450 605
93 84 630 670
621 603 627 646
405 39 54 732
405 46 47 732
136 148 446 583
606 669 672 735
562 368 364 597
533 294 623 702
598 586 644 683
603 201 646 700
613 475 473 627
487 492 578 612
188 178 472 712
89 99 107 671
541 309 540 694
517 518 269 608
116 117 690 723
307 537 542 694
108 107 432 667
633 311 650 711
118 436 631 112
619 1 673 718
588 372 591 682
2 581 619 676
613 641 652 712
37 390 663 719
46 53 414 660
106 108 596 667
147 146 148 697
231 232 602 640
94 96 610 720
625 592 626 680
34 611 684 719
16 17 674 730
401 41 27 684
163 460 162 717
158 449 143 607
302 294 615 623
480 205 479 636
358 359 591 643
605 579 638 713
215 216 217 587
71 86 669 87
627 621 678 712
628 408 401 684
156 158 458 577
83 422 617 705
159 166 453 609
635 631 690 723
89 105 610 671
488 223 578 587
627 641 678 707
645 637 659 674
146 445 148 583
62 53 660 675
562 568 370 597
558 348 332 625
539 537 297 694
447 119 131 685
468 168 454 594
545 315 600 698
365 569 591 687
21 398 26 655
28 385 637 655
444 134 604 703
385 23 637 655
187 176 174 613
614 640 677 708
145 451 450 605
194 201 603 700
495 233 228 677
558 332 333 680
174 176 184 613
285 518 524 689
164 457 463 577
374 359 376 591
164 452 607 691
160 161 169 601
1 389 673 718
584 603 646 700
659 15 674 718
611 582 666 684
637 624 673 718
308 328 318 595
458 157 156 577
640 590 677 708
239 224 593 614
237 238 599 708
469 160 470 601
64 54 48 733
615 281 693 721
610 99 671 729
46 414 413 660
96 89 105 610
207 482 191 700
585 352 556 345
141 448 449 620
55 56 57 733
91 430 706 727
562 355 568 731
637 14 659 718
521 283 647 693
477 185 584 621
53 405 54 660
269 608 683 714
77 79 423 669
203 210 578 692
528 295 534 615
228 233 497 677
51 50 49 686
303 623 668 694
518 268 269 608
479 636 657 692
373 375 581 687
37 38 611 663
484 479 657 692
515 269 683 714
251 257 250 688
495 234 233 677
287 535 281 615
193 192 627 646
294 293 302 615
288 530 527 615
71 86 78 669
582 611 663 719
114 444 124 736
483 208 584 612
166 466 458 609
596 631 667 723
159 459 166 609
258 608 647 683
296 281 615 721
269 252 714 515
579 583 620 665
582 40 666 684
494 226 640 657
553 336 592 710
535 538 615 623
142 132 133 620
213 491 629 486
309 298 668 694
549 331 658 711
301 316 314 622
629 486 700 722
223 222 578 587
96 80 88 653
117 116 109 723
670 92 705 706
480 205 636 189
321 545 330 600
107 438 89 671
610 670 705 706
311 320 650 711
94 424 80 720
135 126 128 583
369 368 597 661
199 188 621 189
161 460 601 717
363 368 362 597
619 581 709 730
628 648 660 732
103 102 630 635
436 97 631 671
243 507 598 699
540 309 650 694
598 244 243 699
219 494 226 640
568 356 370 682
410 576 704 725
266 522 521 647
641 177 652 712
607 452 579 691
57 402 686 733
176 603 613 621
96 80 653 720
611 399 628 704
424 87 669 720
631 438 667 671
410 576 686 704
608 586 683 714
615 527 642 693
660 628 732 733
293 286 649 702
727 98 430 729
366 561 597 643
380 7 381 709
541 303 668 694
589 542 547 317
151 152 454 638
508 644 683 699
363 364 597 731
606 669 670 720
615 289 527 288
428 85 87 720
584 478 612 692
72 90 88 653
589 622 694 716
92 426 705 706
392 391 645 663
601 469 641 707
576 58 679 696
311 313 321 633
269 517 608 714
101 102 635 706
249 224 239 614
576 420 672 679
406 400 666 734
86 84 78 669
375 570 581 687
340 616 625 701
155 141 579 620
199 474 646 190
430 706 727 729
279 528 649 721
122 121 596 685
582 25 655 695
294 307 301 623
453 166 577 609
88 90 610 653
34 35 611 719
50 576 409 686
454 152 455 638
221 587 590 629
219 218 578 640
221 487 578 629
405 53 46 660
589 600 662 698
80 424 606 720
580 608 618 647
422 82 617 705
483 492 208 612
644 586 651 714
200 492 487 612
577 594 638 713
210 218 578 692
174 184 175 613
434 103 435 635
500 215 501 614
394 388 624 645
28 582 637 719
513 273 261 586
608 267 647 689
690 115 440 116
481 206 636 722
320 308 650 711
516 260 517 714
619 384 674 730
370 369 597 661
628 660 686 733
57 56 402 733
347 340 552 625
503 502 602 699
400 32 392 695
606 74 617 696
165 177 609 641
240 224 225 593
41 40 582 684
476 197 584 603
642 615 649 702
630 104 635 671
143 453 607 713
282 287 281 693
282 580 693 721
578 612 692 722
592 326 595 662
126 583 665 703
341 331 330 658
91 430 426 706
283 527 287 693
307 622 623 694
54 62 660 733
147 149 162 691
610 671 727 729
427 84 93 670
533 306 532 681
119 442 596 685
378 366 654 687
307 542 622 694
388 17 624 674
61 417 675 735
337 556 346 616
615 642 649 693
220 228 490 590
406 666 732 734
23 12 383 673
3 1 619 718
611 37 663 719
525 293 649 277
587 221 590 708
202 476 584 603
153 577 461 717
272 618 263 715
214 203 578 612
445 127 130 632
93 103 427 630
192 180 193 627
323 326 336 592
586 264 255 265
588 581 664 709
326 553 336 592
148 146 583 697
696 675 60 735
715 263 272 520
402 56 628 733
287 530 535 615
519 260 271 715
337 556 616 551
23 385 637 673
316 307 542 622
398 22 582 655
579 605 638 697
577 461 601 652
595 589 600 662
513 254 598 651
206 189 199 636
644 598 683 699
468 469 594 601
263 529 580 282
583 135 605 697
136 147 148 697
530 287 527 615
382 575 8 664
149 579 691 697
562 568 597 731
627 172 652 707
597 588 654 687
67 68 679 415
227 226 232 640
576 68 409 679
217 493 614 640
242 240 593 598
440 690 703 736
539 543 589 694
561 363 597 643
570 9 375 581
570 571 0 581
611 45 648 734
576 675 696 735
145 135 605 665
659 582 663 719
506 505 593 598
631 439 635 690
137 150 579 726
461 577 164 462
108 596 124 106
453 143 159 713
140 139 620 726
61 576 672 675
67 68 73 679
13 572 2 673
541 303 535 668
68 576 409 50
149 136 579 697
602 614 640 677
289 531 299 642
230 229 587 708
105 95 610 671
66 415 67 679
104 610 94 95
31 387 391 659
89 97 105 671
399 403 628 704
245 503 599 699
496 236 677 708
373 382 588 664
338 339 556 616
251 258 683 514
585 634 639 731
215 224 501 614
533 292 286 702
60 76 696 735
79 416 417 735
310 305 312 716
118 129 111 596
25 582 397 695
416 79 77 735
77 60 416 735
472 190 188 678
502 244 602 699
55 57 576 733
309 650 668 716
382 380 588 664
622 536 623 681
464 183 473 652
337 592 616 710
534 538 615 721
490 228 489 590
560 567 376 643
603 613 621 627
491 496 590 708
621 190 646 678
477 184 176 603
158 453 577 607
493 227 231 640
182 473 627 652
440 444 114 736
246 235 599 245
97 436 95 671
183 175 613 652
528 534 302 615
593 599 644 651
14 390 30 659
284 291 642 702
338 548 552 728
579 140 620 726
44 47 46 648
271 278 519 715
71 606 424 669
168 469 167 594
580 280 520 715
591 597 643 687
580 279 656 721
289 615 642 668
129 439 111 632
410 411 69 725
656 608 714 715
168 459 594 609
391 388 392 645
594 459 159 609
248 500 504 614
159 453 594 609
645 582 655 695
669 630 670 720
249 500 501 614
647 642 649 689
177 609 641 652
433 100 723 727
313 300 622 716
160 469 468 601
45 36 611 648
660 576 675 725
619 624 674 718
128 445 583 632
224 249 501 614
147 136 149 697
590 496 677 708
262 271 260 714
229 221 587 708
224 217 493 614
577 638 691 713
467 167 472 641
384 619 674 718
95 96 105 610
601 594 609 641
209 214 578 612
244 241 598 243
480 185 621 636
42 402 628 49
102 109 635 434
525 292 649 286
520 263 580 715
522 285 642 689
413 414 60 675
7 6 709 730
472 641 171 678
67 72 421 606
36 404 611 648
581 10 373 664
192 627 646 678
72 67 73 606
35 404 399 611
256 264 255 688
67 421 66 606
577 153 461 164
508 246 644 699
112 631 635 671
27 396 684 719
330 600 626 658
633 589 650 716
571 572 673 676
532 533 681 702
205 189 206 636
0 9 581 676
221 578 587 629
72 74 81 606
172 173 652 707
312 313 633 716
664 581 676 730
648 46 660 732
248 504 593 614
224 225 593 614
114 667 723 736
500 499 215 614
255 586 598 688
97 438 631 671
573 362 367 654
256 250 257 688
21 23 655 673
74 72 73 606
664 8 709 730
310 312 650 716
41 582 27 684
653 606 670 720
600 592 626 658
600 335 626 662
411 410 704 725
71 419 606 672
26 19 624 655
606 71 424 419
482 481 206 636
109 101 635 727
622 300 681 716
306 546 300 622
425 429 705 729
672 576 696 735
386 3 619 718
102 92 706 101
371 381 370 661
668 622 681 716
427 423 84 670
327 318 592 595
330 331 600 658
276 256 257 618
530 535 615 668
227 493 218 640
288 289 298 668
352 345 585 643
359 361 591 643
575 8 664 730
524 518 656 689
649 580 656 721
70 60 696 725
437 113 596 631
391 387 645 659
111 118 596 631
590 490 629 657
17 18 624 730
597 591 634 682
517 519 270 656
326 324 595 662
534 537 307 623
334 342 626 662
598 586 683 688
534 307 302 623
370 371 661 682
426 425 705 706
706 610 727 729
581 619 676 730
496 229 236 708
185 479 204 636
615 535 623 668
548 338 328 728
11 12 624 676
289 288 615 668
623 622 668 694
621 199 189 636
586 262 271 261
387 31 15 659
370 356 371 682
98 433 727 430
355 557 639 731
288 530 615 668
162 638 691 717
438 106 667 107
205 485 657 722
486 487 629 700
485 494 657 489
588 591 597 682
580 279 280 656
469 472 641 171
538 534 615 623
245 234 235 599
290 531 642 693
205 484 479 657
312 313 311 633
490 485 212 657
283 274 647 693
290 521 647 693
494 497 226 657
348 563 355 639
240 242 593 602
518 523 268 608
543 303 540 694
50 410 576 686
313 622 633 716
629 213 486 722
622 623 668 681
585 625 639 680
557 354 701 731
484 205 485 657
578 218 587 640
467 168 167 609
177 467 178 641
127 117 439 690
576 58 696 725
156 155 141 607
315 335 600 662
38 45 37 611
421 80 66 606
5 3 4 619
284 524 649 285
212 213 629 722
295 526 296 721
380 371 588 381
90 429 98 729
494 489 497 657
219 211 484 657
36 45 44 648
649 528 615 721
490 213 220 629
485 494 484 657
127 441 690 703
189 186 188 621
543 589 319 544
423 92 83 670
325 547 589 662
381 6 574 709
548 329 552 728
376 361 560 643
318 592 551 327
188 472 678 712
350 585 680 710
484 494 219 657
584 194 603 700
116 117 127 690
346 337 616 710
595 592 711 728
578 590 629 657
240 242 506 598
104 112 635 671
100 109 723 727
527 290 642 693
642 531 647 693
287 282 274 693
490 212 629 657
401 42 628 684
280 656 279 278
209 483 196 612
654 581 661 724
473 613 627 652
173 169 460 601
576 62 660 675
488 203 216 578
304 668 681 716
270 524 518 656
178 467 472 641
201 200 207 700
279 580 280 526
266 276 618 647
208 584 612 700
282 263 275 580
120 437 596 631
442 129 596 632
537 307 623 694
538 296 615 721
403 410 686 704
445 130 446 632
57 409 576 686
526 528 279 721
579 141 607 620
396 42 684 43
282 296 529 721
423 617 669 670
332 330 626 658
384 16 674 730
615 642 668 681
272 273 586 715
6 619 709 730
300 304 681 716
412 404 36 648
117 434 635 723
78 61 672 735
79 78 84 669
122 443 121 685
618 257 683 688
69 74 58 696
99 98 107 671
615 293 649 702
583 604 665 703
378 571 377 581
64 61 62 576
514 268 258 683
429 90 653 729
429 82 425 705
283 287 274 693
452 154 579 691
478 477 198 584
196 483 584 612
496 491 221 708
525 524 270 656
239 249 593 651
238 230 500 614
410 403 411 704
364 557 562 731
134 132 444 604
346 556 585 616
19 393 394 655
565 351 559 680
657 578 692 722
460 461 601 717
170 463 464 652
264 256 618 688
285 522 267 689
25 393 19 655
376 359 361 591
363 362 561 597
517 519 656 714
275 274 282 580
630 427 670 706
705 610 706 729
196 476 478 584
22 385 28 655
225 240 593 602
418 60 76 696
378 366 573 654
407 40 408 666
609 601 641 652
25 395 582 655
385 22 23 655
190 472 171 678
400 32 695 734
398 23 22 655
173 460 471 601
467 459 168 609
216 488 578 587
624 637 674 718
604 596 632 685
218 203 210 578
622 668 694 716
86 85 630 720
138 632 685 726
422 76 83 617
592 342 626 680
485 212 657 722
98 432 671 727
260 519 517 714
390 14 24 659
86 669 87 720
143 579 605 713
335 332 330 626
555 360 585 643
19 395 25 655
267 523 285 689
411 403 412 704
7 380 8 709
255 250 256 688
379 6 5 709
519 656 714 715
579 583 605 697
416 60 675 735
486 221 491 629
250 255 598 688
635 610 671 727
414 413 660 675
623 615 668 681
586 264 618 688
256 257 618 688
481 212 206 722
417 416 414 675
206 212 205 722
40 407 397 666
218 216 203 578
82 429 81 705
398 395 26 655
174 466 165 652
175 466 174 652
35 37 611 719
478 196 584 612
292 533 532 702
663 582 695 734
363 354 364 731
58 68 50 576
165 177 174 652
187 176 613 621
616 592 680 710
324 589 595 662
182 172 173 652
315 335 330 600
681 291 532 702
465 463 157 652
195 184 603 613
465 466 175 652
161 162 460 717
576 672 675 735
30 390 37 719
173 471 182 652
172 182 627 652
471 461 462 652
281 296 282 721
353 363 643 731
509 253 644 651
599 593 602 614
458 157 577 609
121 106 122 596
580 649 656 689
85 93 84 630
209 488 223 578
36 52 412 648
429 653 705 729
315 314 322 698
214 203 488 578
456 147 638 697
332 558 625 680
344 360 357 585
234 503 233 599
471 473 182 652
295 534 615 721
463 170 462 652
175 183 464 652
638 147 691 697
647 580 649 693
22 41 398 582
463 465 464 652
125 126 135 665
150 140 579 726
425 705 706 729
193 181 603 627
433 114 108 667
65 64 55 576
464 465 175 652
154 149 579 691
289 304 305 668
234 236 235 599
621 188 678 712
396 42 27 684
642 291 681 702
397 407 33 666
610 630 635 671
247 509 235 651
409 679 68 415
509 247 253 651
505 249 239 651
619 624 673 676
319 544 589 595
505 254 513 651
525 292 524 649
262 516 253 651
660 413 704 725
249 511 504 651
294 615 623 702
513 254 586 598
249 505 512 651
213 207 486 722
599 246 245 699
513 512 505 651
126 440 441 703
247 510 253 651
498 244 232 602
400 33 666 695
658 549 711 728
502 498 503 602
532 291 292 702
511 248 504 651
343 342 592 680
553 344 336 710
124 122 596 604
164 463 462 577
613 627 641 712
247 248 510 651
667 596 723 736
370 369 562 597
353 354 363 731
15 384 387 674
253 510 262 651
346 554 553 710
451 450 605 713
150 154 137 579
264 256 276 618
511 249 512 651
512 513 511 651
608 580 656 689
505 255 254 598
248 511 510 651
451 135 152 605
163 162 691 717
511 262 510 651
650 589 694 716
329 548 549 728
59 411 704 725
571 570 377 581
511 513 261 651
433 430 100 727
572 571 581 676
608 586 714 715
261 262 511 651
247 235 599 651
551 337 592 616
611 628 648 704
660 576 686 733
180 627 678 707
217 215 587 614
357 559 585 643
257 266 276 618
39 406 400 666
583 579 620 726
23 398 21 655
287 527 615 693
164 607 577 691
469 167 594 641
134 145 144 665
235 509 599 651
367 654 661 724
425 426 430 706
497 590 640 657
73 58 74 679
492 209 578 612
277 279 528 649
536 533 623 681
284 642 649 702
48 407 628 732
329 549 658 728
584 612 700 722
251 241 598 250
322 542 547 698
252 515 644 714
628 648 732 734
197 478 476 584
81 429 653 705
179 190 171 678
612 578 629 722
284 524 292 649
454 455 594 638
273 271 586 715
489 490 590 657
342 592 662 343
363 597 643 731
327 337 326 592
109 635 434 723
46 44 648 660
566 358 569 591
498 497 233 677
119 118 120 596
617 77 669 735
604 583 632 703
505 506 255 598
53 62 417 675
368 367 362 654
33 39 400 666
624 12 21 673
583 136 697 726
192 474 180 678
194 202 584 603
40 41 401 684
578 587 590 640
525 293 286 649
324 325 589 662
65 57 420 576
139 443 620 685
39 33 407 666
277 528 293 649
9 570 0 581
136 446 137 726
108 596 667 736
413 660 675 725
561 560 345 643
87 85 86 720
574 370 381 661
606 653 670 705
599 509 644 651
45 47 648 734
610 630 670 706
372 566 569 591
257 251 683 688
8 380 664 709
221 491 590 708
598 593 644 651
180 179 169 707
219 218 210 692
44 45 47 648
362 366 597 654
78 71 669 672
121 131 596 685
267 257 258 647
1 2 4 619
582 645 659 663
135 583 605 665
112 95 436 671
127 130 632 690
10 20 575 676
385 23 383 673
62 576 660 733
92 422 83 705
251 598 683 688
264 276 275 618
275 283 274 647
134 440 125 703
412 399 404 704
589 540 650 694
471 170 473 652
14 24 659 718
277 525 270 656
258 268 608 683
587 578 590 629
321 330 331 600
524 649 285 689
257 266 618 647
594 577 601 609
257 267 266 647
563 348 558 639
79 417 78 735
536 546 306 622
387 17 388 674
581 573 2 724
110 112 631 635
368 367 654 661
454 160 468 594
596 439 631 690
495 236 234 677
249 504 593 651
582 395 398 655
199 482 636 646
121 113 106 596
53 414 660 675
275 276 283 647
30 637 659 719
542 589 547 698
3 5 386 619
75 70 418 696
460 163 461 717
540 589 319 543
327 326 324 595
461 471 601 652
49 409 57 686
157 577 609 652
646 474 192 678
497 489 228 590
455 161 717 162
135 456 152 697
180 474 179 678
240 231 242 602
370 379 369 661
580 649 693 721
581 10 664 676
58 50 410 576
495 220 491 590
297 537 623 694
529 526 580 721
487 612 629 700
290 522 531 647
266 283 276 647
268 514 259 683
327 544 319 595
26 624 21 655
522 290 521 647
443 122 123 685
625 329 658 728
215 217 224 614
77 79 669 735
617 606 696 735
267 522 266 647
636 657 692 722
291 306 300 681
558 349 639 680
300 299 291 681
521 283 266 647
649 525 277 656
167 168 594 609
311 312 633 650
635 101 706 727
407 408 628 666
579 607 691 713
596 124 106 122
513 265 272 586
340 557 354 701
610 96 653 720
285 523 518 689
393 392 645 695
281 287 615 693
428 104 431 630
632 583 685 726
601 641 652 707
135 126 583 665
528 526 295 721
240 505 239 593
507 514 598 683
551 338 556 616
224 493 225 614
431 435 635 110
393 388 394 645
61 62 576 675
169 179 470 707
444 440 703 736
248 593 599 614
268 269 608 683
605 152 638 697
584 204 477 692
467 165 609 641
667 433 723 727
472 178 641 712
444 132 124 604
242 244 598 602
392 388 393 645
445 446 148 583
408 402 56 628
313 545 321 633
304 289 299 668
185 186 480 621
288 541 530 668
438 106 113 667
459 151 594 159
641 627 678 712
30 29 637 719
424 94 87 720
365 374 375 687
498 602 640 677
617 606 670 705
350 336 344 710
208 584 202 483
44 52 648 704
481 213 212 722
92 91 706 101
213 490 212 629
643 585 701 731
165 466 609 652
177 165 609 652
203 578 612 692
508 246 515 644
368 562 369 597
608 580 618 715
515 259 508 644
230 587 614 708
38 611 663 734
465 157 609 652
466 465 609 652
138 129 632 446
401 27 42 684
343 350 680 710
585 346 616 710
246 235 509 599
33 397 666 695
581 373 9 375
566 559 357 591
301 536 533 623
509 515 246 644
292 291 284 702
317 539 589 694
272 586 618 715
320 311 549 711
578 487 612 629
585 616 680 710
589 319 595 650
596 604 703 736
367 4 573 724
427 103 102 630
570 374 376 687
94 630 104 428
187 174 177 613
253 252 509 644
573 4 2 724
359 358 360 643
583 604 632 685
395 19 26 655
361 360 555 643
596 108 124 736
409 49 50 686
548 328 711 728
357 360 358 643
297 538 303 623
582 645 663 695
597 568 634 731
399 611 628 684
566 372 564 591
134 125 665 703
353 363 352 643
141 155 579 607
453 158 143 607
85 84 86 630
618 257 647 683
360 361 359 643
329 341 625 658
597 567 643 687
66 65 420 672
345 361 555 643
20 11 624 676
140 448 155 620
561 345 352 643
477 204 198 692
435 117 434 635
561 352 363 643
568 597 634 682
62 64 576 733
528 649 615 293
10 581 373 9
269 252 517 714
594 167 609 641
440 114 115 736
458 466 157 609
61 78 417 735
361 345 560 643
58 410 69 725
672 576 679 696
143 133 579 620
348 557 347 639
515 268 259 683
475 183 195 613
570 377 581 687
540 309 308 650
264 265 586 618
138 119 685 442
551 328 338 728
68 58 73 679
596 690 723 736
508 502 503 699
199 188 190 621
592 343 680 710
551 338 616 728
589 633 650 711
571 378 572 581
185 204 584 636
123 132 142 620
455 594 638 717
349 563 558 639
289 615 527 642
332 335 333 626
563 349 565 639
666 628 732 734
273 520 280 715
604 583 620 726
69 75 74 696
237 236 229 708
607 577 691 713
567 570 376 687
627 613 641 652
487 486 207 700
690 596 703 736
653 610 670 705
503 233 599 602
184 176 603 613
453 577 607 713
411 52 59 704
259 508 644 683
472 641 678 712
347 625 639 701
286 293 294 702
642 527 289 290
497 498 640 677
535 538 296 615
372 569 588 591
561 362 366 597
404 399 611 648
457 156 463 577
624 21 655 673
96 88 610 653
518 517 270 608
500 249 504 614
412 404 648 704
372 564 591 682
296 534 295 721
17 387 16 674
383 0 676 12
6 379 574 709
600 592 658 711
84 423 669 670
6 384 619 730
419 63 65 672
251 241 243 598
628 611 666 684
371 588 661 682
2 4 619 724
580 608 656 715
125 126 665 703
140 155 579 620
285 284 642 649
97 95 105 671
45 32 47 734
157 466 465 609
262 586 271 714
347 340 625 701
45 36 37 611
353 643 701 731
130 439 632 690
285 531 522 642
732 48 54 733
482 207 481 700
86 630 669 720
596 604 632 703
409 415 576 679
586 644 683 714
38 32 45 734
457 156 577 607
458 158 453 577
221 487 492 578
154 164 153 691
578 219 640 657
599 614 677 708
403 410 50 686
467 177 165 641
469 472 167 641
194 584 208 700
149 154 153 691
219 494 640 657
268 267 258 608
661 581 709 724
576 660 686 704
343 550 592 662
608 586 618 683
624 619 673 718
557 340 347 701
341 332 625 658
325 317 539 589
62 54 64 733
129 111 596 632
231 240 225 602
635 631 667 671
237 248 247 599
156 158 577 607
588 373 664 687
379 661 709 724
557 347 639 701
313 300 546 622
66 606 672 679
18 575 676 730
158 141 449 607
644 515 683 714
262 260 516 714
634 355 639 731
637 624 655 673
613 621 627 712
20 18 575 676
560 366 567 643
188 190 621 678
671 98 727 729
627 621 646 678
387 645 659 674
147 162 455 638
638 579 691 713
24 384 15 718
595 592 600 711
447 138 685 726
523 267 608 689
84 423 79 669
581 664 709 730
573 581 2 378
232 497 498 640
200 194 208 700
23 637 655 673
207 200 487 700
82 426 425 705
588 381 661 709
99 98 671 729
479 484 211 692
79 78 669 735
49 57 402 686
453 577 594 609
571 13 383 673
225 493 231 640
469 179 171 707
70 75 69 696
14 389 1 718
477 198 584 692
227 232 231 640
449 143 579 620
371 588 381 661
594 160 601 717
383 0 571 676
518 523 608 689
531 290 647 693
593 225 602 614
252 644 516 714
367 369 379 661
437 119 120 596
410 58 576 725
273 513 272 586
187 186 621 712
554 346 585 710
265 513 254 586
48 628 56 733
449 579 607 620
497 232 226 640
215 499 587 614
138 129 442 632
201 193 194 603
246 599 644 699
135 128 146 583
44 648 660 704
314 546 622 698
206 199 482 636
220 491 590 629
219 227 218 640
366 567 597 687
277 278 279 656
523 267 268 608
376 374 591 687
543 539 303 694
356 568 634 682
141 449 607 620
529 296 526 721
56 64 48 733
122 596 604 685
277 519 278 656
24 3 386 718
476 202 475 603
94 610 630 720
310 320 308 650
458 453 166 577
94 80 96 720
439 117 635 690
428 94 630 720
447 131 139 685
124 108 114 736
429 430 98 729
507 244 502 699
543 544 539 589
